 10.058             39.878            179.961
 11.176             39.859            179.887
 12.666             39.837            179.917
 14.156             39.815            179.869
 15.832             39.801            179.841
 17.695             39.784            179.886
 19.930             39.761            179.932
 22.352             39.738            179.855
 25.146             39.707            179.788
 28.126             39.676            179.770
 31.665             39.641            179.856
 35.390             39.604            179.746
 39.861             39.558            179.667
 44.703             39.516            179.658
 50.105             39.467            179.693
 56.252             39.418            179.649
 63.144             39.356            179.444
 70.781             39.299            179.453
 79.349             39.228            179.440
 89.034             39.165            179.362
100.024             39.092            179.300
112.131             39.011            179.148
125.915             38.931            179.085
141.189             38.856            179.034
158.511             38.793            178.832
177.883             38.795            178.760
199.489             38.797            178.587
223.890             38.791            178.397
251.271             38.793            178.183
281.818             38.789            177.922
316.277             38.789            177.702
354.834             38.790            177.453
398.047             38.789            177.147
446.662             38.789            176.806
501.238             38.779            176.350
562.333             38.777            175.924
630.878             38.768            175.462
707.991             38.763            174.905
794.418             38.749            174.279
891.276             38.742            173.612
1000.054             38.724            172.814
1122.057             38.717            171.935
1258.962             38.689            170.958
1412.630             38.663            169.888
1584.925             38.629            168.686
1778.267             38.584            167.300
1995.265             38.532            165.825
2238.713             38.465            164.133
2511.963             38.382            162.315
2818.368             38.277            160.260
3162.213             38.153            158.003
3548.153             37.997            155.536
3981.031             37.808            152.869
4466.809             37.580            149.958
5011.819             37.297            146.840
5623.326             36.967            143.498
6309.524             36.578            140.127
7079.542             36.124            136.452
7943.250             35.600            132.811
8912.571             35.004            129.200
9999.983             34.349            125.546
11220.202             33.630            122.300
12589.246             32.863            119.026
14125.369             32.052            116.098
15848.875             31.202            113.335
17782.860             30.319            110.861
19952.655             29.412            108.588
22387.132             28.485            106.538
25118.887             27.550            104.685
28183.870             26.599            102.923
31622.685             25.637            101.392
35481.341             24.665            100.028
39810.687             23.691             98.699
44668.280             22.713             97.599
50118.752             21.725             96.516
56234.188             20.732             95.580
63095.801             19.746             94.613
70794.486             18.753             93.756
79432.875             17.762             92.930
89125.149             16.759             92.142
100000.016             15.774             90.952
