14.080355	9.826319E-2
14.080357	9.810222E-2
14.080359	9.874608E-2
14.080361	9.971187E-2
14.080363	9.938994E-2
14.080365	1.009996E-1
14.080367	1.013215E-1
14.080369	1.014825E-1
14.080371	1.005167E-1
14.080373	1.024483E-1
14.080375	1.008386E-1
14.080377	9.971187E-2
14.080379	1.027702E-1
14.080381	9.987284E-2
14.080383	1.034141E-1
14.080385	1.045408E-1
14.080387	1.034141E-1
14.080389	1.034141E-1
14.080391	1.048627E-1
14.080393	1.021263E-1
14.080395	1.034141E-1
14.080397	1.032531E-1
14.080399	1.064724E-1
14.080401	1.042189E-1
14.080403	1.037360E-1
14.080405	1.042189E-1
14.080407	1.059895E-1
14.080409	1.061505E-1
14.080411	1.053456E-1
14.080413	1.043798E-1
14.080415	1.088869E-1
14.080417	1.063114E-1
14.080419	1.056676E-1
14.080421	1.059895E-1
14.080423	1.072772E-1
14.080425	1.080820E-1
14.080427	1.093698E-1
14.080429	1.063114E-1
14.080431	1.080820E-1
14.080433	1.071162E-1
14.080435	1.067943E-1
14.080437	1.092088E-1
14.080439	1.087259E-1
14.080441	1.080820E-1
14.080443	1.093698E-1
14.080445	1.104965E-1
14.080447	1.113013E-1
14.080449	1.096917E-1
14.080451	1.113013E-1
14.080453	1.095307E-1
14.080455	1.127500E-1
14.080457	1.098527E-1
14.080459	1.116233E-1
14.080461	1.114623E-1
14.080463	1.124281E-1
14.080465	1.101746E-1
14.080467	1.111404E-1
14.080469	1.127500E-1
14.080471	1.148426E-1
14.080473	1.130719E-1
14.080475	1.138768E-1
14.080477	1.133939E-1
14.080479	1.124281E-1
14.080481	1.125891E-1
14.080483	1.140377E-1
14.080485	1.138768E-1
14.080487	1.137158E-1
14.080489	1.159693E-1
14.080491	1.148426E-1
14.080493	1.140377E-1
14.080495	1.156474E-1
14.080497	1.159693E-1
14.080499	1.164522E-1
14.080501	1.172570E-1
14.080503	1.154864E-1
14.080505	1.162912E-1
14.080507	1.162912E-1
14.080509	1.179009E-1
14.080511	1.161303E-1
14.080513	1.177399E-1
14.080515	1.180619E-1
14.080517	1.174180E-1
14.080519	1.169351E-1
14.080521	1.183838E-1
14.080523	1.175790E-1
14.080525	1.177399E-1
14.080527	1.193496E-1
14.080529	1.191886E-1
14.080531	1.198325E-1
14.080533	1.199934E-1
14.080535	1.190276E-1
14.080537	1.198325E-1
14.080539	1.195105E-1
14.080541	1.216031E-1
14.080543	1.209592E-1
14.080545	1.195105E-1
14.080547	1.211202E-1
14.080549	1.195105E-1
14.080551	1.203154E-1
14.080553	1.217640E-1
14.080555	1.203154E-1
14.080557	1.220860E-1
14.080559	1.232127E-1
14.080561	1.230518E-1
14.080563	1.228908E-1
14.080565	1.214421E-1
14.080567	1.214421E-1
14.080569	1.220860E-1
14.080571	1.232127E-1
14.080573	1.230518E-1
14.080575	1.224079E-1
14.080577	1.220860E-1
14.080579	1.241785E-1
14.080581	1.243395E-1
14.080583	1.245004E-1
14.080585	1.233737E-1
14.080587	1.236956E-1
14.080589	1.240176E-1
14.080591	1.228908E-1
14.080593	1.249833E-1
14.080595	1.253053E-1
14.080597	1.275588E-1
14.080599	1.262711E-1
14.080601	1.248224E-1
14.080603	1.278807E-1
14.080605	1.248224E-1
14.080607	1.254662E-1
14.080609	1.267540E-1
14.080611	1.264320E-1
14.080613	1.265930E-1
14.080615	1.270759E-1
14.080617	1.275588E-1
14.080619	1.286855E-1
14.080621	1.275588E-1
14.080623	1.273978E-1
14.080625	1.262711E-1
14.080627	1.275588E-1
14.080629	1.282026E-1
14.080631	1.272368E-1
14.080633	1.293294E-1
14.080635	1.291684E-1
14.080637	1.286855E-1
14.080639	1.294904E-1
14.080641	1.282026E-1
14.080643	1.291684E-1
14.080645	1.296513E-1
14.080647	1.306171E-1
14.080649	1.304561E-1
14.080651	1.306171E-1
14.080653	1.282026E-1
14.080655	1.301342E-1
14.080657	1.302952E-1
14.080659	1.298123E-1
14.080661	1.323877E-1
14.080663	1.296513E-1
14.080665	1.307781E-1
14.080667	1.296513E-1
14.080669	1.315829E-1
14.080671	1.336754E-1
14.080673	1.327097E-1
14.080675	1.319048E-1
14.080677	1.309390E-1
14.080679	1.331925E-1
14.080681	1.317439E-1
14.080683	1.343193E-1
14.080685	1.351241E-1
14.080687	1.335145E-1
14.080689	1.322268E-1
14.080691	1.328706E-1
14.080693	1.330316E-1
14.080695	1.320658E-1
14.080697	1.357680E-1
14.080699	1.331925E-1
14.080701	1.341583E-1
14.080703	1.333535E-1
14.080705	1.330316E-1
14.080707	1.349632E-1
14.080709	1.354461E-1
14.080711	1.349632E-1
14.080713	1.356070E-1
14.080715	1.351241E-1
14.080717	1.351241E-1
14.080719	1.356070E-1
14.080721	1.348022E-1
14.080723	1.370557E-1
14.080725	1.370557E-1
14.080727	1.388263E-1
14.080729	1.357680E-1
14.080731	1.362509E-1
14.080733	1.364118E-1
14.080735	1.346412E-1
14.080737	1.394702E-1
14.080739	1.373776E-1
14.080741	1.381825E-1
14.080743	1.376996E-1
14.080745	1.375386E-1
14.080747	1.362509E-1
14.080749	1.389873E-1
14.080751	1.385044E-1
14.080753	1.385044E-1
14.080755	1.375386E-1
14.080757	1.381825E-1
14.080759	1.389873E-1
14.080761	1.385044E-1
14.080763	1.397921E-1
14.080765	1.389873E-1
14.080767	1.364118E-1
14.080769	1.389873E-1
14.080771	1.417237E-1
14.080773	1.396311E-1
14.080775	1.401140E-1
14.080777	1.386653E-1
14.080779	1.381825E-1
14.080781	1.381825E-1
14.080783	1.389873E-1
14.080785	1.396311E-1
14.080787	1.394702E-1
14.080789	1.399531E-1
14.080791	1.412408E-1
14.080793	1.410798E-1
14.080795	1.415627E-1
14.080797	1.404360E-1
14.080799	1.418846E-1
14.080801	1.423675E-1
14.080803	1.412408E-1
14.080805	1.404360E-1
14.080807	1.423675E-1
14.080809	1.409189E-1
14.080811	1.409189E-1
14.080813	1.425285E-1
14.080815	1.410798E-1
14.080817	1.428504E-1
14.080819	1.407579E-1
14.080821	1.425285E-1
14.080823	1.423675E-1
14.080825	1.449430E-1
14.080827	1.426895E-1
14.080829	1.441382E-1
14.080831	1.425285E-1
14.080833	1.407579E-1
14.080835	1.444601E-1
14.080837	1.444601E-1
14.080839	1.452649E-1
14.080841	1.444601E-1
14.080843	1.431724E-1
14.080845	1.438162E-1
14.080847	1.457478E-1
14.080849	1.441382E-1
14.080851	1.415627E-1
14.080853	1.455868E-1
14.080855	1.462307E-1
14.080857	1.441382E-1
14.080859	1.451039E-1
14.080861	1.449430E-1
14.080863	1.436553E-1
14.080865	1.454259E-1
14.080867	1.467136E-1
14.080869	1.462307E-1
14.080871	1.463917E-1
14.080873	1.452649E-1
14.080875	1.459088E-1
14.080877	1.463917E-1
14.080879	1.454259E-1
14.080881	1.455868E-1
14.080883	1.478403E-1
14.080885	1.463917E-1
14.080887	1.446210E-1
14.080889	1.457478E-1
14.080891	1.459088E-1
14.080893	1.457478E-1
14.080895	1.454259E-1
14.080897	1.480013E-1
14.080899	1.465526E-1
14.080901	1.476794E-1
14.080903	1.460697E-1
14.080905	1.467136E-1
14.080907	1.454259E-1
14.080909	1.475184E-1
14.080911	1.471965E-1
14.080913	1.486452E-1
14.080915	1.467136E-1
14.080917	1.480013E-1
14.080919	1.467136E-1
14.080921	1.488061E-1
14.080923	1.492890E-1
14.080925	1.481623E-1
14.080927	1.500939E-1
14.080929	1.491281E-1
14.080931	1.496110E-1
14.080933	1.489671E-1
14.080935	1.510596E-1
14.080937	1.480013E-1
14.080939	1.465526E-1
14.080941	1.505767E-1
14.080943	1.462307E-1
14.080945	1.480013E-1
14.080947	1.481623E-1
14.080949	1.491281E-1
14.080951	1.486452E-1
14.080953	1.517035E-1
14.080955	1.521864E-1
14.080957	1.507377E-1
14.080959	1.496110E-1
14.080961	1.521864E-1
14.080963	1.484842E-1
14.080965	1.489671E-1
14.080967	1.492890E-1
14.080969	1.497719E-1
14.080971	1.504158E-1
14.080973	1.505767E-1
14.080975	1.523474E-1
14.080977	1.508987E-1
14.080979	1.499329E-1
14.080981	1.508987E-1
14.080983	1.518645E-1
14.080985	1.521864E-1
14.080987	1.512206E-1
14.080989	1.510596E-1
14.080991	1.525083E-1
14.080993	1.518645E-1
14.080995	1.507377E-1
14.080997	1.512206E-1
14.080999	1.513816E-1
14.081001	1.505767E-1
14.081003	1.515425E-1
14.081005	1.523474E-1
14.081007	1.484842E-1
14.081009	1.518645E-1
14.081011	1.529912E-1
14.081013	1.497719E-1
14.081015	1.521864E-1
14.081017	1.536351E-1
14.081019	1.507377E-1
14.081021	1.520254E-1
14.081023	1.539570E-1
14.081025	1.517035E-1
14.081027	1.533131E-1
14.081029	1.525083E-1
14.081031	1.533131E-1
14.081033	1.541180E-1
14.081035	1.515425E-1
14.081037	1.518645E-1
14.081039	1.517035E-1
14.081041	1.500939E-1
14.081043	1.521864E-1
14.081045	1.517035E-1
14.081047	1.523474E-1
14.081049	1.531522E-1
14.081051	1.523474E-1
14.081053	1.541180E-1
14.081055	1.555667E-1
14.081057	1.528303E-1
14.081059	1.528303E-1
14.081061	1.539570E-1
14.081063	1.537960E-1
14.081065	1.517035E-1
14.081067	1.525083E-1
14.081069	1.529912E-1
14.081071	1.529912E-1
14.081073	1.512206E-1
14.081075	1.533131E-1
14.081077	1.547618E-1
14.081079	1.552447E-1
14.081081	1.552447E-1
14.081083	1.507377E-1
14.081085	1.544399E-1
14.081087	1.534741E-1
14.081089	1.534741E-1
14.081091	1.533131E-1
14.081093	1.554057E-1
14.081095	1.544399E-1
14.081097	1.534741E-1
14.081099	1.554057E-1
14.081101	1.549228E-1
14.081103	1.552447E-1
14.081105	1.555667E-1
14.081107	1.539570E-1
14.081109	1.568544E-1
14.081111	1.544399E-1
14.081113	1.554057E-1
14.081115	1.550838E-1
14.081117	1.536351E-1
14.081119	1.534741E-1
14.081121	1.563715E-1
14.081123	1.541180E-1
14.081125	1.549228E-1
14.081127	1.533131E-1
14.081129	1.550838E-1
14.081131	1.549228E-1
14.081133	1.544399E-1
14.081135	1.579811E-1
14.081137	1.546009E-1
14.081139	1.560495E-1
14.081141	1.560495E-1
14.081143	1.565324E-1
14.081145	1.549228E-1
14.081147	1.549228E-1
14.081149	1.541180E-1
14.081151	1.555667E-1
14.081153	1.581421E-1
14.081155	1.557276E-1
14.081157	1.557276E-1
14.081159	1.571763E-1
14.081161	1.544399E-1
14.081163	1.570153E-1
14.081165	1.555667E-1
14.081167	1.549228E-1
14.081169	1.550838E-1
14.081171	1.550838E-1
14.081173	1.573373E-1
14.081175	1.568544E-1
14.081177	1.581421E-1
14.081179	1.558886E-1
14.081181	1.552447E-1
14.081183	1.562105E-1
14.081185	1.554057E-1
14.081187	1.555667E-1
14.081189	1.550838E-1
14.081191	1.554057E-1
14.081193	1.599127E-1
14.081195	1.566934E-1
14.081197	1.557276E-1
14.081199	1.584640E-1
14.081201	1.581421E-1
14.081203	1.546009E-1
14.081205	1.560495E-1
14.081207	1.583031E-1
14.081209	1.557276E-1
14.081211	1.560495E-1
14.081213	1.587860E-1
14.081215	1.574982E-1
14.081217	1.552447E-1
14.081219	1.544399E-1
14.081221	1.565324E-1
14.081223	1.554057E-1
14.081225	1.571763E-1
14.081227	1.573373E-1
14.081229	1.570153E-1
14.081231	1.574982E-1
14.081233	1.565324E-1
14.081235	1.581421E-1
14.081237	1.565324E-1
14.081239	1.565324E-1
14.081241	1.581421E-1
14.081243	1.558886E-1
14.081245	1.581421E-1
14.081247	1.557276E-1
14.081249	1.579811E-1
14.081251	1.558886E-1
14.081253	1.586250E-1
14.081255	1.555667E-1
14.081257	1.579811E-1
14.081259	1.570153E-1
14.081261	1.587860E-1
14.081263	1.563715E-1
14.081265	1.570153E-1
14.081267	1.574982E-1
14.081269	1.603956E-1
14.081271	1.571763E-1
14.081273	1.574982E-1
14.081275	1.576592E-1
14.081277	1.584640E-1
14.081279	1.584640E-1
14.081281	1.587860E-1
14.081283	1.583031E-1
14.081285	1.579811E-1
14.081287	1.591079E-1
14.081289	1.568544E-1
14.081291	1.587860E-1
14.081293	1.571763E-1
14.081295	1.579811E-1
14.081297	1.565324E-1
14.081299	1.566934E-1
14.081301	1.583031E-1
14.081303	1.570153E-1
14.081305	1.574982E-1
14.081307	1.581421E-1
14.081309	1.562105E-1
14.081311	1.574982E-1
14.081313	1.578202E-1
14.081315	1.600737E-1
14.081317	1.586250E-1
14.081319	1.594298E-1
14.081321	1.574982E-1
14.081323	1.573373E-1
14.081325	1.576592E-1
14.081327	1.586250E-1
14.081329	1.595908E-1
14.081331	1.581421E-1
14.081333	1.584640E-1
14.081335	1.578202E-1
14.081337	1.578202E-1
14.081339	1.612004E-1
14.081341	1.578202E-1
14.081343	1.595908E-1
14.081345	1.592688E-1
14.081347	1.595908E-1
14.081349	1.594298E-1
14.081351	1.594298E-1
14.081353	1.586250E-1
14.081355	1.594298E-1
14.081357	1.602346E-1
14.081359	1.573373E-1
14.081361	1.592688E-1
14.081363	1.573373E-1
14.081365	1.576592E-1
14.081367	1.592688E-1
14.081369	1.589469E-1
14.081371	1.571763E-1
14.081373	1.610395E-1
14.081375	1.586250E-1
14.081377	1.600737E-1
14.081379	1.602346E-1
14.081381	1.578202E-1
14.081383	1.579811E-1
14.081385	1.586250E-1
14.081387	1.565324E-1
14.081389	1.595908E-1
14.081391	1.584640E-1
14.081393	1.589469E-1
14.081395	1.583031E-1
14.081397	1.568544E-1
14.081399	1.586250E-1
14.081401	1.573373E-1
14.081403	1.560495E-1
14.081405	1.587860E-1
14.081407	1.586250E-1
14.081409	1.603956E-1
14.081411	1.571763E-1
14.081413	1.605566E-1
14.081415	1.589469E-1
14.081417	1.571763E-1
14.081419	1.579811E-1
14.081421	1.607175E-1
14.081423	1.592688E-1
14.081425	1.568544E-1
14.081427	1.571763E-1
14.081429	1.610395E-1
14.081431	1.600737E-1
14.081433	1.594298E-1
14.081435	1.581421E-1
14.081437	1.600737E-1
14.081439	1.557276E-1
14.081441	1.586250E-1
14.081443	1.599127E-1
14.081445	1.600737E-1
14.081447	1.594298E-1
14.081449	1.584640E-1
14.081451	1.587860E-1
14.081453	1.568544E-1
14.081455	1.587860E-1
14.081457	1.578202E-1
14.081459	1.574982E-1
14.081461	1.581421E-1
14.081463	1.607175E-1
14.081465	1.591079E-1
14.081467	1.568544E-1
14.081469	1.600737E-1
14.081471	1.600737E-1
14.081473	1.584640E-1
14.081475	1.597517E-1
14.081477	1.584640E-1
14.081479	1.584640E-1
14.081481	1.584640E-1
14.081483	1.594298E-1
14.081485	1.574982E-1
14.081487	1.573373E-1
14.081489	1.562105E-1
14.081491	1.574982E-1
14.081493	1.594298E-1
14.081495	1.563715E-1
14.081497	1.583031E-1
14.081499	1.579811E-1
14.081501	1.570153E-1
14.081503	1.587860E-1
14.081505	1.597517E-1
14.081507	1.589469E-1
14.081509	1.574982E-1
14.081511	1.595908E-1
14.081513	1.560495E-1
14.081515	1.562105E-1
14.081517	1.586250E-1
14.081519	1.568544E-1
14.081521	1.581421E-1
14.081523	1.570153E-1
14.081525	1.581421E-1
14.081527	1.557276E-1
14.081529	1.571763E-1
14.081531	1.574982E-1
14.081533	1.583031E-1
14.081535	1.583031E-1
14.081537	1.568544E-1
14.081539	1.584640E-1
14.081541	1.586250E-1
14.081543	1.574982E-1
14.081545	1.571763E-1
14.081547	1.599127E-1
14.081549	1.578202E-1
14.081551	1.594298E-1
14.081553	1.586250E-1
14.081555	1.573373E-1
14.081557	1.581421E-1
14.081559	1.568544E-1
14.081561	1.571763E-1
14.081563	1.576592E-1
14.081565	1.591079E-1
14.081567	1.549228E-1
14.081569	1.563715E-1
14.081571	1.563715E-1
14.081573	1.578202E-1
14.081575	1.571763E-1
14.081577	1.560495E-1
14.081579	1.574982E-1
14.081581	1.546009E-1
14.081583	1.546009E-1
14.081585	1.587860E-1
14.081587	1.568544E-1
14.081589	1.579811E-1
14.081591	1.557276E-1
14.081593	1.562105E-1
14.081595	1.560495E-1
14.081597	1.573373E-1
14.081599	1.581421E-1
14.081601	1.566934E-1
14.081603	1.560495E-1
14.081605	1.565324E-1
14.081607	1.555667E-1
14.081609	1.568544E-1
14.081611	1.587860E-1
14.081613	1.546009E-1
14.081615	1.562105E-1
14.081617	1.568544E-1
14.081619	1.566934E-1
14.081621	1.555667E-1
14.081623	1.563715E-1
14.081625	1.562105E-1
14.081627	1.565324E-1
14.081629	1.554057E-1
14.081631	1.557276E-1
14.081633	1.562105E-1
14.081635	1.563715E-1
14.081637	1.563715E-1
14.081639	1.563715E-1
14.081641	1.562105E-1
14.081643	1.566934E-1
14.081645	1.558886E-1
14.081647	1.566934E-1
14.081649	1.566934E-1
14.081651	1.563715E-1
14.081653	1.547618E-1
14.081655	1.552447E-1
14.081657	1.560495E-1
14.081659	1.546009E-1
14.081661	1.547618E-1
14.081663	1.570153E-1
14.081665	1.560495E-1
14.081667	1.566934E-1
14.081669	1.579811E-1
14.081671	1.576592E-1
14.081673	1.570153E-1
14.081675	1.552447E-1
14.081677	1.550838E-1
14.081679	1.557276E-1
14.081681	1.557276E-1
14.081683	1.560495E-1
14.081685	1.542789E-1
14.081687	1.550838E-1
14.081689	1.560495E-1
14.081691	1.544399E-1
14.081693	1.554057E-1
14.081695	1.555667E-1
14.081697	1.565324E-1
14.081699	1.554057E-1
14.081701	1.547618E-1
14.081703	1.563715E-1
14.081705	1.558886E-1
14.081707	1.550838E-1
14.081709	1.546009E-1
14.081711	1.550838E-1
14.081713	1.528303E-1
14.081715	1.568544E-1
14.081717	1.542789E-1
14.081719	1.534741E-1
14.081721	1.539570E-1
14.081723	1.539570E-1
14.081725	1.542789E-1
14.081727	1.546009E-1
14.081729	1.574982E-1
14.081731	1.541180E-1
14.081733	1.536351E-1
14.081735	1.541180E-1
14.081737	1.544399E-1
14.081739	1.554057E-1
14.081741	1.537960E-1
14.081743	1.555667E-1
14.081745	1.531522E-1
14.081747	1.557276E-1
14.081749	1.555667E-1
14.081751	1.546009E-1
14.081753	1.529912E-1
14.081755	1.541180E-1
14.081757	1.537960E-1
14.081759	1.529912E-1
14.081761	1.537960E-1
14.081763	1.542789E-1
14.081765	1.542789E-1
14.081767	1.528303E-1
14.081769	1.542789E-1
14.081771	1.539570E-1
14.081773	1.536351E-1
14.081775	1.525083E-1
14.081777	1.549228E-1
14.081779	1.518645E-1
14.081781	1.539570E-1
14.081783	1.549228E-1
14.081785	1.544399E-1
14.081787	1.521864E-1
14.081789	1.528303E-1
14.081791	1.537960E-1
14.081793	1.496110E-1
14.081795	1.541180E-1
14.081797	1.521864E-1
14.081799	1.515425E-1
14.081801	1.521864E-1
14.081803	1.534741E-1
14.081805	1.515425E-1
14.081807	1.533131E-1
14.081809	1.510596E-1
14.081811	1.536351E-1
14.081813	1.508987E-1
14.081815	1.526693E-1
14.081817	1.536351E-1
14.081819	1.523474E-1
14.081821	1.526693E-1
14.081823	1.528303E-1
14.081825	1.526693E-1
14.081827	1.542789E-1
14.081829	1.517035E-1
14.081831	1.550838E-1
14.081833	1.512206E-1
14.081835	1.515425E-1
14.081837	1.500939E-1
14.081839	1.520254E-1
14.081841	1.520254E-1
14.081843	1.512206E-1
14.081845	1.523474E-1
14.081847	1.507377E-1
14.081849	1.517035E-1
14.081851	1.507377E-1
14.081853	1.510596E-1
14.081855	1.500939E-1
14.081857	1.504158E-1
14.081859	1.541180E-1
14.081861	1.512206E-1
14.081863	1.504158E-1
14.081865	1.529912E-1
14.081867	1.492890E-1
14.081869	1.517035E-1
14.081871	1.502548E-1
14.081873	1.492890E-1
14.081875	1.523474E-1
14.081877	1.499329E-1
14.081879	1.518645E-1
14.081881	1.515425E-1
14.081883	1.499329E-1
14.081885	1.496110E-1
14.081887	1.513816E-1
14.081889	1.505767E-1
14.081891	1.507377E-1
14.081893	1.517035E-1
14.081895	1.497719E-1
14.081897	1.507377E-1
14.081899	1.504158E-1
14.081901	1.489671E-1
14.081903	1.491281E-1
14.081905	1.492890E-1
14.081907	1.494500E-1
14.081909	1.515425E-1
14.081911	1.499329E-1
14.081913	1.499329E-1
14.081915	1.508987E-1
14.081917	1.481623E-1
14.081919	1.497719E-1
14.081921	1.491281E-1
14.081923	1.497719E-1
14.081925	1.496110E-1
14.081927	1.481623E-1
14.081929	1.481623E-1
14.081931	1.496110E-1
14.081933	1.492890E-1
14.081935	1.483232E-1
14.081937	1.462307E-1
14.081939	1.497719E-1
14.081941	1.488061E-1
14.081943	1.457478E-1
14.081945	1.471965E-1
14.081947	1.486452E-1
14.081949	1.504158E-1
14.081951	1.475184E-1
14.081953	1.483232E-1
14.081955	1.459088E-1
14.081957	1.460697E-1
14.081959	1.496110E-1
14.081961	1.494500E-1
14.081963	1.471965E-1
14.081965	1.473574E-1
14.081967	1.486452E-1
14.081969	1.494500E-1
14.081971	1.491281E-1
14.081973	1.478403E-1
14.081975	1.491281E-1
14.081977	1.484842E-1
14.081979	1.468746E-1
14.081981	1.467136E-1
14.081983	1.462307E-1
14.081985	1.478403E-1
14.081987	1.486452E-1
14.081989	1.465526E-1
14.081991	1.471965E-1
14.081993	1.468746E-1
14.081995	1.486452E-1
14.081997	1.459088E-1
14.081999	1.478403E-1
14.082001	1.471965E-1
14.082003	1.455868E-1
14.082005	1.478403E-1
14.082007	1.459088E-1
14.082009	1.465526E-1
14.082011	1.451039E-1
14.082013	1.475184E-1
14.082015	1.439772E-1
14.082017	1.447820E-1
14.082019	1.470355E-1
14.082021	1.455868E-1
14.082023	1.447820E-1
14.082025	1.462307E-1
14.082027	1.460697E-1
14.082029	1.454259E-1
14.082031	1.439772E-1
14.082033	1.454259E-1
14.082035	1.452649E-1
14.082037	1.463917E-1
14.082039	1.457478E-1
14.082041	1.455868E-1
14.082043	1.425285E-1
14.082045	1.460697E-1
14.082047	1.449430E-1
14.082049	1.462307E-1
14.082051	1.449430E-1
14.082053	1.452649E-1
14.082055	1.446210E-1
14.082057	1.441382E-1
14.082059	1.446210E-1
14.082061	1.447820E-1
14.082063	1.436553E-1
14.082065	1.442991E-1
14.082067	1.449430E-1
14.082069	1.431724E-1
14.082071	1.460697E-1
14.082073	1.444601E-1
14.082075	1.451039E-1
14.082077	1.452649E-1
14.082079	1.417237E-1
14.082081	1.431724E-1
14.082083	1.438162E-1
14.082085	1.455868E-1
14.082087	1.444601E-1
14.082089	1.428504E-1
14.082091	1.433333E-1
14.082093	1.434943E-1
14.082095	1.446210E-1
14.082097	1.433333E-1
14.082099	1.433333E-1
14.082101	1.441382E-1
14.082103	1.426895E-1
14.082105	1.409189E-1
14.082107	1.399531E-1
14.082109	1.418846E-1
14.082111	1.420456E-1
14.082113	1.418846E-1
14.082115	1.428504E-1
14.082117	1.420456E-1
14.082119	1.444601E-1
14.082121	1.394702E-1
14.082123	1.409189E-1
14.082125	1.422066E-1
14.082127	1.436553E-1
14.082129	1.414018E-1
14.082131	1.407579E-1
14.082133	1.394702E-1
14.082135	1.409189E-1
14.082137	1.434943E-1
14.082139	1.404360E-1
14.082141	1.417237E-1
14.082143	1.412408E-1
14.082145	1.405969E-1
14.082147	1.399531E-1
14.082149	1.409189E-1
14.082151	1.389873E-1
14.082153	1.404360E-1
14.082155	1.417237E-1
14.082157	1.399531E-1
14.082159	1.381825E-1
14.082161	1.394702E-1
14.082163	1.399531E-1
14.082165	1.375386E-1
14.082167	1.405969E-1
14.082169	1.383434E-1
14.082171	1.388263E-1
14.082173	1.410798E-1
14.082175	1.373776E-1
14.082177	1.401140E-1
14.082179	1.409189E-1
14.082181	1.402750E-1
14.082183	1.402750E-1
14.082185	1.393092E-1
14.082187	1.401140E-1
14.082189	1.409189E-1
14.082191	1.383434E-1
14.082193	1.381825E-1
14.082195	1.378605E-1
14.082197	1.396311E-1
14.082199	1.389873E-1
14.082201	1.376996E-1
14.082203	1.402750E-1
14.082205	1.375386E-1
14.082207	1.376996E-1
14.082209	1.385044E-1
14.082211	1.383434E-1
14.082213	1.388263E-1
14.082215	1.372167E-1
14.082217	1.386653E-1
14.082219	1.359289E-1
14.082221	1.372167E-1
14.082223	1.375386E-1
14.082225	1.376996E-1
14.082227	1.367338E-1
14.082229	1.372167E-1
14.082231	1.378605E-1
14.082233	1.378605E-1
14.082235	1.359289E-1
14.082237	1.367338E-1
14.082239	1.370557E-1
14.082241	1.349632E-1
14.082243	1.368947E-1
14.082245	1.367338E-1
14.082247	1.344803E-1
14.082249	1.349632E-1
14.082251	1.370557E-1
14.082253	1.362509E-1
14.082255	1.333535E-1
14.082257	1.349632E-1
14.082259	1.351241E-1
14.082261	1.375386E-1
14.082263	1.338364E-1
14.082265	1.360899E-1
14.082267	1.368947E-1
14.082269	1.344803E-1
14.082271	1.356070E-1
14.082273	1.349632E-1
14.082275	1.359289E-1
14.082277	1.367338E-1
14.082279	1.351241E-1
14.082281	1.348022E-1
14.082283	1.365728E-1
14.082285	1.370557E-1
14.082287	1.367338E-1
14.082289	1.354461E-1
14.082291	1.357680E-1
14.082293	1.323877E-1
14.082295	1.348022E-1
14.082297	1.344803E-1
14.082299	1.335145E-1
14.082301	1.335145E-1
14.082303	1.333535E-1
14.082305	1.346412E-1
14.082307	1.330316E-1
14.082309	1.338364E-1
14.082311	1.331925E-1
14.082313	1.331925E-1
14.082315	1.335145E-1
14.082317	1.320658E-1
14.082319	1.335145E-1
14.082321	1.343193E-1
14.082323	1.335145E-1
14.082325	1.333535E-1
14.082327	1.356070E-1
14.082329	1.312610E-1
14.082331	1.322268E-1
14.082333	1.352851E-1
14.082335	1.331925E-1
14.082337	1.315829E-1
14.082339	1.306171E-1
14.082341	1.322268E-1
14.082343	1.322268E-1
14.082345	1.304561E-1
14.082347	1.317439E-1
14.082349	1.302952E-1
14.082351	1.323877E-1
14.082353	1.320658E-1
14.082355	1.336754E-1
14.082357	1.304561E-1
14.082359	1.317439E-1
14.082361	1.333535E-1
14.082363	1.338364E-1
14.082365	1.306171E-1
14.082367	1.320658E-1
14.082369	1.304561E-1
14.082371	1.307781E-1
14.082373	1.309390E-1
14.082375	1.306171E-1
14.082377	1.293294E-1
14.082379	1.317439E-1
14.082381	1.304561E-1
14.082383	1.296513E-1
14.082385	1.301342E-1
14.082387	1.306171E-1
14.082389	1.320658E-1
14.082391	1.304561E-1
14.082393	1.294904E-1
14.082395	1.285246E-1
14.082397	1.309390E-1
14.082399	1.290075E-1
14.082401	1.299732E-1
14.082403	1.302952E-1
14.082405	1.294904E-1
14.082407	1.294904E-1
14.082409	1.290075E-1
14.082411	1.286855E-1
14.082413	1.291684E-1
14.082415	1.290075E-1
14.082417	1.302952E-1
14.082419	1.278807E-1
14.082421	1.296513E-1
14.082423	1.270759E-1
14.082425	1.291684E-1
14.082427	1.291684E-1
14.082429	1.290075E-1
14.082431	1.280417E-1
14.082433	1.267540E-1
14.082435	1.282026E-1
14.082437	1.280417E-1
14.082439	1.265930E-1
14.082441	1.285246E-1
14.082443	1.283636E-1
14.082445	1.285246E-1
14.082447	1.243395E-1
14.082449	1.264320E-1
14.082451	1.275588E-1
14.082453	1.286855E-1
14.082455	1.257882E-1
14.082457	1.259491E-1
14.082459	1.259491E-1
14.082461	1.275588E-1
14.082463	1.251443E-1
14.082465	1.243395E-1
14.082467	1.272368E-1
14.082469	1.257882E-1
14.082471	1.253053E-1
14.082473	1.259491E-1
14.082475	1.272368E-1
14.082477	1.248224E-1
14.082479	1.261101E-1
14.082481	1.256272E-1
14.082483	1.246614E-1
14.082485	1.254662E-1
14.082487	1.251443E-1
14.082489	1.256272E-1
14.082491	1.212812E-1
14.082493	1.228908E-1
14.082495	1.241785E-1
14.082497	1.246614E-1
14.082499	1.224079E-1
14.082501	1.220860E-1
14.082503	1.246614E-1
14.082505	1.240176E-1
14.082507	1.243395E-1
14.082509	1.256272E-1
14.082511	1.243395E-1
14.082513	1.238566E-1
14.082515	1.245004E-1
14.082517	1.240176E-1
14.082519	1.235347E-1
14.082521	1.233737E-1
14.082523	1.245004E-1
14.082525	1.228908E-1
14.082527	1.227298E-1
14.082529	1.225689E-1
14.082531	1.227298E-1
14.082533	1.225689E-1
14.082535	1.227298E-1
14.082537	1.220860E-1
14.082539	1.233737E-1
14.082541	1.216031E-1
14.082543	1.220860E-1
14.082545	1.222469E-1
14.082547	1.220860E-1
14.082549	1.212812E-1
14.082551	1.228908E-1
14.082553	1.195105E-1
14.082555	1.204763E-1
14.082557	1.227298E-1
14.082559	1.195105E-1
14.082561	1.217640E-1
14.082563	1.201544E-1
14.082565	1.206373E-1
14.082567	1.206373E-1
14.082569	1.216031E-1
14.082571	1.190276E-1
14.082573	1.204763E-1
14.082575	1.198325E-1
14.082577	1.217640E-1
14.082579	1.196715E-1
14.082581	1.201544E-1
14.082583	1.212812E-1
14.082585	1.190276E-1
14.082587	1.209592E-1
14.082589	1.217640E-1
14.082591	1.225689E-1
14.082593	1.191886E-1
14.082595	1.211202E-1
14.082597	1.177399E-1
14.082599	1.179009E-1
14.082601	1.177399E-1
14.082603	1.211202E-1
14.082605	1.190276E-1
14.082607	1.191886E-1
14.082609	1.153255E-1
14.082611	1.198325E-1
14.082613	1.195105E-1
14.082615	1.193496E-1
14.082617	1.193496E-1
14.082619	1.185447E-1
14.082621	1.164522E-1
14.082623	1.166132E-1
14.082625	1.198325E-1
14.082627	1.162912E-1
14.082629	1.161303E-1
14.082631	1.172570E-1
14.082633	1.169351E-1
14.082635	1.175790E-1
14.082637	1.162912E-1
14.082639	1.156474E-1
14.082641	1.183838E-1
14.082643	1.174180E-1
14.082645	1.193496E-1
14.082647	1.183838E-1
14.082649	1.180619E-1
14.082651	1.169351E-1
14.082653	1.170961E-1
14.082655	1.156474E-1
14.082657	1.162912E-1
14.082659	1.174180E-1
14.082661	1.154864E-1
14.082663	1.150035E-1
14.082665	1.150035E-1
14.082667	1.140377E-1
14.082669	1.161303E-1
14.082671	1.162912E-1
14.082673	1.151645E-1
14.082675	1.162912E-1
14.082677	1.169351E-1
14.082679	1.156474E-1
14.082681	1.132329E-1
14.082683	1.158083E-1
14.082685	1.138768E-1
14.082687	1.140377E-1
14.082689	1.146816E-1
14.082691	1.145206E-1
14.082693	1.145206E-1
14.082695	1.122671E-1
14.082697	1.167741E-1
14.082699	1.143597E-1
14.082701	1.132329E-1
14.082703	1.135548E-1
14.082705	1.135548E-1
14.082707	1.135548E-1
14.082709	1.114623E-1
14.082711	1.130719E-1
14.082713	1.121062E-1
14.082715	1.141987E-1
14.082717	1.122671E-1
14.082719	1.113013E-1
14.082721	1.111404E-1
14.082723	1.124281E-1
14.082725	1.133939E-1
14.082727	1.145206E-1
14.082729	1.133939E-1
14.082731	1.130719E-1
14.082733	1.106575E-1
14.082735	1.133939E-1
14.082737	1.141987E-1
14.082739	1.125891E-1
14.082741	1.109794E-1
14.082743	1.122671E-1
14.082745	1.125891E-1
14.082747	1.098527E-1
14.082749	1.129110E-1
14.082751	1.103355E-1
14.082753	1.114623E-1
14.082755	1.113013E-1
14.082757	1.111404E-1
14.082759	1.117842E-1
14.082761	1.092088E-1
14.082763	1.100136E-1
14.082765	1.114623E-1
14.082767	1.111404E-1
14.082769	1.085649E-1
14.082771	1.095307E-1
14.082773	1.109794E-1
14.082775	1.085649E-1
14.082777	1.074382E-1
14.082779	1.098527E-1
14.082781	1.092088E-1
14.082783	1.092088E-1
14.082785	1.085649E-1
14.082787	1.103355E-1
14.082789	1.106575E-1
14.082791	1.129110E-1
14.082793	1.122671E-1
14.082795	1.188667E-1
14.082797	1.214421E-1
14.082799	1.209592E-1
14.082801	1.465526E-1
14.082803	1.467136E-1
14.082805	7.199106E-1
14.082807	1.072587E+0
14.082809	1.071138E+0
14.082811	1.070816E+0
14.082813	1.070494E+0
14.082815	1.067758E+0
14.082817	1.066792E+0
14.082819	1.065021E+0
14.082821	1.061802E+0
14.082823	1.062285E+0
14.082825	1.059227E+0
14.082827	1.058583E+0
14.082829	1.057134E+0
14.082831	1.056329E+0
14.082833	1.054720E+0
14.082835	1.051339E+0
14.082837	1.050213E+0
14.082839	1.046671E+0
14.082841	1.046671E+0
14.082843	1.043613E+0
14.082845	1.040233E+0
14.082847	1.042164E+0
14.082849	1.039428E+0
14.082851	1.035565E+0
14.082853	1.035887E+0
14.082855	1.033150E+0
14.082857	1.030736E+0
14.082859	1.031058E+0
14.082861	1.025585E+0
14.082863	1.025907E+0
14.082865	1.023975E+0
14.082867	1.022043E+0
14.082869	1.020273E+0
14.082871	1.018985E+0
14.082873	1.015927E+0
14.082875	1.015283E+0
14.082877	1.013834E+0
14.082879	1.011742E+0
14.082881	1.010937E+0
14.082883	1.008361E+0
14.082885	1.006591E+0
14.082887	1.003693E+0
14.082889	1.004820E+0
14.082891	1.003210E+0
14.082893	1.000313E+0
14.082895	9.983814E-1
14.082897	9.935524E-1
14.082899	9.945182E-1
14.082901	9.932305E-1
14.082903	9.890454E-1
14.082905	9.884015E-1
14.082907	9.866309E-1
14.082909	9.843774E-1
14.082911	9.821238E-1
14.082913	9.829287E-1
14.082915	9.801923E-1
14.082917	9.771339E-1
14.082919	9.764900E-1
14.082921	9.743975E-1
14.082923	9.732707E-1
14.082925	9.721440E-1
14.082927	9.679588E-1
14.082929	9.673150E-1
14.082931	9.661882E-1
14.082933	9.637737E-1
14.082935	9.623250E-1
14.082937	9.621641E-1
14.082939	9.584618E-1
14.082941	9.562083E-1
14.082943	9.552425E-1
14.082945	9.520232E-1
14.082947	9.499306E-1
14.082949	9.488039E-1
14.082951	9.479991E-1
14.082953	9.454236E-1
14.082955	9.434920E-1
14.082957	9.422043E-1
14.082959	9.405946E-1
14.082961	9.385021E-1
14.082963	9.359266E-1
14.082965	9.347998E-1
14.082967	9.333512E-1
14.082969	9.322244E-1
14.082971	9.304538E-1
14.082973	9.288441E-1
14.082975	9.267515E-1
14.082977	9.243371E-1
14.082979	9.212787E-1
14.082981	9.220835E-1
14.082983	9.185423E-1
14.082985	9.161278E-1
14.082987	9.150010E-1
14.082989	9.133914E-1
14.082991	9.125865E-1
14.082993	9.104940E-1
14.082995	9.084014E-1
14.082997	9.074356E-1
14.082999	9.026067E-1
14.083001	9.029286E-1
14.083003	9.030896E-1
14.083005	8.997093E-1
14.083007	8.977777E-1
14.083009	8.971338E-1
14.083011	8.947193E-1
14.083013	8.929487E-1
14.083015	8.906952E-1
14.083017	8.884417E-1
14.083019	8.876368E-1
14.083021	8.857052E-1
14.083023	8.865101E-1
14.083025	8.823250E-1
14.083027	8.807153E-1
14.083029	8.781398E-1
14.083031	8.763692E-1
14.083033	8.745986E-1
14.083035	8.750815E-1
14.083037	8.725060E-1
14.083039	8.692867E-1
14.083041	8.683209E-1
14.083043	8.663893E-1
14.083045	8.654235E-1
14.083047	8.634920E-1
14.083049	8.628481E-1
14.083051	8.604336E-1
14.083053	8.583411E-1
14.083055	8.552827E-1
14.083057	8.556046E-1
14.083059	8.533511E-1
14.083061	8.506147E-1
14.083063	8.494879E-1
14.083065	8.496489E-1
14.083067	8.465905E-1
14.083069	8.436932E-1
14.083071	8.433712E-1
14.083073	8.416006E-1
14.083075	8.401519E-1
14.083077	8.390252E-1
14.083079	8.374155E-1
14.083081	8.348400E-1
14.083083	8.348400E-1
14.083085	8.301720E-1
14.083087	8.301720E-1
14.083089	8.282405E-1
14.083091	8.277576E-1
14.083093	8.238944E-1
14.083095	8.238944E-1
14.083097	8.224457E-1
14.083099	8.195483E-1
14.083101	8.187435E-1
14.083103	8.158461E-1
14.083105	8.131097E-1
14.083107	8.119829E-1
14.083109	8.110171E-1
14.083111	8.102123E-1
14.083113	8.063491E-1
14.083115	8.069930E-1
14.083117	8.039346E-1
14.083119	8.007153E-1
14.083121	8.015201E-1
14.083123	7.992666E-1
14.083125	7.981399E-1
14.083127	7.981399E-1
14.083129	7.955644E-1
14.083131	7.933109E-1
14.083133	7.912183E-1
14.083135	7.894477E-1
14.083137	7.859065E-1
14.083139	7.868723E-1
14.083141	7.844578E-1
14.083143	7.842968E-1
14.083145	7.817214E-1
14.083147	7.815604E-1
14.083149	7.772143E-1
14.083151	7.760876E-1
14.083153	7.746389E-1
14.083155	7.743169E-1
14.083157	7.693270E-1
14.083159	7.704538E-1
14.083161	7.686831E-1
14.083163	7.690051E-1
14.083165	7.656248E-1
14.083167	7.628884E-1
14.083169	7.612787E-1
14.083171	7.595081E-1
14.083173	7.591862E-1
14.083175	7.583813E-1
14.083177	7.561278E-1
14.083179	7.529085E-1
14.083181	7.533914E-1
14.083183	7.503331E-1
14.083185	7.498502E-1
14.083187	7.472747E-1
14.083189	7.451822E-1
14.083191	7.446993E-1
14.083193	7.424457E-1
14.083195	7.414799E-1
14.083197	7.401922E-1
14.083199	7.395484E-1
14.083201	7.376168E-1
14.083203	7.335926E-1
14.083205	7.350413E-1
14.083207	7.303733E-1
14.083209	7.290856E-1
14.083211	7.271540E-1
14.083213	7.286027E-1
14.083215	7.252224E-1
14.083217	7.247395E-1
14.083219	7.215202E-1
14.083221	7.197496E-1
14.083223	7.220031E-1
14.083225	7.173351E-1
14.083227	7.144377E-1
14.083229	7.141158E-1
14.083231	7.129890E-1
14.083233	7.099307E-1
14.083235	7.118623E-1
14.083237	7.100917E-1
14.083239	7.060675E-1
14.083241	7.075162E-1
14.083243	7.036530E-1
14.083245	7.026872E-1
14.083247	6.993070E-1
14.083249	7.004337E-1
14.083251	6.968925E-1
14.083253	6.954438E-1
14.083255	6.951219E-1
14.083257	6.935122E-1
14.083259	6.901319E-1
14.083261	6.893271E-1
14.083263	6.880394E-1
14.083265	6.872346E-1
14.083267	6.862688E-1
14.083269	6.832104E-1
14.083271	6.816008E-1
14.083273	6.804740E-1
14.083275	6.796692E-1
14.083277	6.770937E-1
14.083279	6.748402E-1
14.083281	6.756450E-1
14.083283	6.716209E-1
14.083285	6.703332E-1
14.083287	6.693674E-1
14.083289	6.690454E-1
14.083291	6.667919E-1
14.083293	6.645384E-1
14.083295	6.621239E-1
14.083297	6.600314E-1
14.083299	6.598704E-1
14.083301	6.576169E-1
14.083303	6.571340E-1
14.083305	6.574559E-1
14.083307	6.552024E-1
14.083309	6.535928E-1
14.083311	6.498906E-1
14.083313	6.502125E-1
14.083315	6.495686E-1
14.083317	6.469932E-1
14.083319	6.450616E-1
14.083321	6.432910E-1
14.083323	6.423252E-1
14.083325	6.415204E-1
14.083327	6.411984E-1
14.083329	6.387839E-1
14.083331	6.391059E-1
14.083333	6.357256E-1
14.083335	6.339550E-1
14.083337	6.313795E-1
14.083339	6.300918E-1
14.083341	6.284822E-1
14.083343	6.299308E-1
14.083345	6.260677E-1
14.083347	6.249409E-1
14.083349	6.246190E-1
14.083351	6.222045E-1
14.083353	6.205948E-1
14.083355	6.167317E-1
14.083357	6.162488E-1
14.083359	6.135124E-1
14.083361	6.138343E-1
14.083363	6.133514E-1
14.083365	6.130295E-1
14.083367	6.106150E-1
14.083369	6.077176E-1
14.083371	6.082005E-1
14.083373	6.062689E-1
14.083375	6.033715E-1
14.083377	6.020838E-1
14.083379	6.014400E-1
14.083381	5.995084E-1
14.083383	5.974158E-1
14.083385	5.978987E-1
14.083387	5.954842E-1
14.083389	5.924259E-1
14.083391	5.940356E-1
14.083393	5.904943E-1
14.083395	5.892066E-1
14.083397	5.885627E-1
14.083399	5.869531E-1
14.083401	5.842167E-1
14.083403	5.840557E-1
14.083405	5.819632E-1
14.083407	5.824460E-1
14.083409	5.803535E-1
14.083411	5.776171E-1
14.083413	5.772952E-1
14.083415	5.763294E-1
14.083417	5.740758E-1
14.083419	5.718223E-1
14.083421	5.713394E-1
14.083423	5.698907E-1
14.083425	5.702127E-1
14.083427	5.674763E-1
14.083429	5.660276E-1
14.083431	5.655447E-1
14.083433	5.621644E-1
14.083435	5.602328E-1
14.083437	5.610377E-1
14.083439	5.586232E-1
14.083441	5.594280E-1
14.083443	5.571745E-1
14.083445	5.529894E-1
14.083447	5.525065E-1
14.083449	5.528284E-1
14.083451	5.526675E-1
14.083453	5.489653E-1
14.083455	5.484824E-1
14.083457	5.462288E-1
14.083459	5.441363E-1
14.083461	5.442973E-1
14.083463	5.413999E-1
14.083465	5.402731E-1
14.083467	5.404341E-1
14.083469	5.393073E-1
14.083471	5.362490E-1
14.083473	5.338345E-1
14.083475	5.339955E-1
14.083477	5.325468E-1
14.083479	5.290056E-1
14.083481	5.298104E-1
14.083483	5.290056E-1
14.083485	5.277178E-1
14.083487	5.264301E-1
14.083489	5.236937E-1
14.083491	5.249814E-1
14.083493	5.219231E-1
14.083495	5.222450E-1
14.083497	5.206354E-1
14.083499	5.183818E-1
14.083501	5.174161E-1
14.083503	5.166112E-1
14.083505	5.135529E-1
14.083507	5.130700E-1
14.083509	5.132310E-1
14.083511	5.104946E-1
14.083513	5.079191E-1
14.083515	5.048608E-1
14.083517	5.066314E-1
14.083519	5.034121E-1
14.083521	5.040559E-1
14.083523	5.029292E-1
14.083525	5.006757E-1
14.083527	4.993879E-1
14.083529	4.985831E-1
14.083531	4.974564E-1
14.083533	4.958467E-1
14.083535	4.943980E-1
14.083537	4.934322E-1
14.083539	4.918226E-1
14.083541	4.887642E-1
14.083543	4.886033E-1
14.083545	4.863498E-1
14.083547	4.857059E-1
14.083549	4.839353E-1
14.083551	4.824866E-1
14.083553	4.807160E-1
14.083555	4.805550E-1
14.083557	4.791063E-1
14.083559	4.783015E-1
14.083561	4.781405E-1
14.083563	4.742774E-1
14.083565	4.728287E-1
14.083567	4.725068E-1
14.083569	4.712190E-1
14.083571	4.705752E-1
14.083573	4.688046E-1
14.083575	4.676778E-1
14.083577	4.670339E-1
14.083579	4.654243E-1
14.083581	4.646195E-1
14.083583	4.633317E-1
14.083585	4.604344E-1
14.083587	4.617221E-1
14.083589	4.589857E-1
14.083591	4.562493E-1
14.083593	4.567322E-1
14.083595	4.567322E-1
14.083597	4.538348E-1
14.083599	4.527080E-1
14.083601	4.494887E-1
14.083603	4.496497E-1
14.083605	4.488449E-1
14.083607	4.472352E-1
14.083609	4.448207E-1
14.083611	4.435330E-1
14.083613	4.424063E-1
14.083615	4.403137E-1
14.083617	4.393479E-1
14.083619	4.407966E-1
14.083621	4.377383E-1
14.083623	4.385431E-1
14.083625	4.369335E-1
14.083627	4.356457E-1
14.083629	4.325874E-1
14.083631	4.337141E-1
14.083633	4.303339E-1
14.083635	4.298510E-1
14.083637	4.284023E-1
14.083639	4.292071E-1
14.083641	4.271146E-1
14.083643	4.234124E-1
14.083645	4.221247E-1
14.083647	4.221247E-1
14.083649	4.197102E-1
14.083651	4.189054E-1
14.083653	4.189054E-1
14.083655	4.156861E-1
14.083657	4.148812E-1
14.083659	4.152032E-1
14.083661	4.126277E-1
14.083663	4.143983E-1
14.083665	4.118229E-1
14.083667	4.095694E-1
14.083669	4.081207E-1
14.083671	4.094084E-1
14.083673	4.060281E-1
14.083675	4.044185E-1
14.083677	4.029698E-1
14.083679	4.011992E-1
14.083681	4.016821E-1
14.083683	4.015211E-1
14.083685	3.992676E-1
14.083687	3.976580E-1
14.083689	3.962093E-1
14.083691	3.954044E-1
14.083693	3.936338E-1
14.083695	3.939558E-1
14.083697	3.936338E-1
14.083699	3.915413E-1
14.083701	3.880001E-1
14.083703	3.871952E-1
14.083705	3.865514E-1
14.083707	3.862294E-1
14.083709	3.847807E-1
14.083711	3.841369E-1
14.083713	3.822053E-1
14.083715	3.828492E-1
14.083717	3.789860E-1
14.083719	3.789860E-1
14.083721	3.781812E-1
14.083723	3.793079E-1
14.083725	3.754448E-1
14.083727	3.738351E-1
14.083729	3.730303E-1
14.083731	3.723864E-1
14.083733	3.710987E-1
14.083735	3.701329E-1
14.083737	3.677185E-1
14.083739	3.673965E-1
14.083741	3.667527E-1
14.083743	3.644991E-1
14.083745	3.654649E-1
14.083747	3.641772E-1
14.083749	3.627285E-1
14.083751	3.611189E-1
14.083753	3.614408E-1
14.083755	3.577386E-1
14.083757	3.572557E-1
14.083759	3.570948E-1
14.083761	3.553241E-1
14.083763	3.524268E-1
14.083765	3.511390E-1
14.083767	3.522658E-1
14.083769	3.506562E-1
14.083771	3.495294E-1
14.083773	3.479197E-1
14.083775	3.480807E-1
14.083777	3.453443E-1
14.083779	3.447004E-1
14.083781	3.450224E-1
14.083783	3.421250E-1
14.083785	3.434127E-1
14.083787	3.408373E-1
14.083789	3.381009E-1
14.083791	3.389057E-1
14.083793	3.366522E-1
14.083795	3.350425E-1
14.083797	3.356864E-1
14.083799	3.331110E-1
14.083801	3.334329E-1
14.083803	3.337548E-1
14.083805	3.311794E-1
14.083807	3.303746E-1
14.083809	3.273162E-1
14.083811	3.252237E-1
14.083813	3.261895E-1
14.083815	3.253846E-1
14.083817	3.234531E-1
14.083819	3.242579E-1
14.083821	3.221653E-1
14.083823	3.207167E-1
14.083825	3.191070E-1
14.083827	3.192680E-1
14.083829	3.158877E-1
14.083831	3.174974E-1
14.083833	3.150829E-1
14.083835	3.150829E-1
14.083837	3.134732E-1
14.083839	3.131513E-1
14.083841	3.113807E-1
14.083843	3.104149E-1
14.083845	3.081614E-1
14.083847	3.083224E-1
14.083849	3.068737E-1
14.083851	3.062298E-1
14.083853	3.046202E-1
14.083855	3.054250E-1
14.083857	3.010789E-1
14.083859	2.996302E-1
14.083861	3.002741E-1
14.083863	2.985035E-1
14.083865	2.972158E-1
14.083867	2.973767E-1
14.083869	2.964109E-1
14.083871	2.941574E-1
14.083873	2.925478E-1
14.083875	2.938355E-1
14.083877	2.925478E-1
14.083879	2.901333E-1
14.083881	2.893285E-1
14.083883	2.899723E-1
14.083885	2.873969E-1
14.083887	2.856263E-1
14.083889	2.851434E-1
14.083891	2.828899E-1
14.083893	2.816022E-1
14.083895	2.824070E-1
14.083897	2.819241E-1
14.083899	2.791877E-1
14.083901	2.779000E-1
14.083903	2.788658E-1
14.083905	2.769342E-1
14.083907	2.748416E-1
14.083909	2.750026E-1
14.083911	2.735539E-1
14.083913	2.729101E-1
14.083915	2.724272E-1
14.083917	2.711394E-1
14.083919	2.690469E-1
14.083921	2.675982E-1
14.083923	2.679201E-1
14.083925	2.664715E-1
14.083927	2.647008E-1
14.083929	2.647008E-1
14.083931	2.634131E-1
14.083933	2.616425E-1
14.083935	2.600329E-1
14.083937	2.589061E-1
14.083939	2.584232E-1
14.083941	2.579403E-1
14.083943	2.584232E-1
14.083945	2.550429E-1
14.083947	2.553649E-1
14.083949	2.527894E-1
14.083951	2.532723E-1
14.083953	2.515017E-1
14.083955	2.527894E-1
14.083957	2.498921E-1
14.083959	2.481215E-1
14.083961	2.471557E-1
14.083963	2.476386E-1
14.083965	2.453851E-1
14.083967	2.458679E-1
14.083969	2.436144E-1
14.083971	2.440973E-1
14.083973	2.439364E-1
14.083975	2.431315E-1
14.083977	2.405561E-1
14.083979	2.384636E-1
14.083981	2.392684E-1
14.083983	2.378197E-1
14.083985	2.349223E-1
14.083987	2.347614E-1
14.083989	2.342785E-1
14.083991	2.342785E-1
14.083993	2.323469E-1
14.083995	2.307372E-1
14.083997	2.305763E-1
14.083999	2.312201E-1
14.084001	2.280008E-1
14.084003	2.289666E-1
14.084005	2.257473E-1
14.084007	2.252644E-1
14.084009	2.234938E-1
14.084011	2.223671E-1
14.084013	2.220451E-1
14.084015	2.210794E-1
14.084017	2.201136E-1
14.084019	2.185039E-1
14.084021	2.193087E-1
14.084023	2.172162E-1
14.084025	2.170552E-1
14.084027	2.170552E-1
14.084029	2.156065E-1
14.084031	2.144798E-1
14.084033	2.115824E-1
14.084035	2.127092E-1
14.084037	2.102947E-1
14.084039	2.093289E-1
14.084041	2.094899E-1
14.084043	2.088460E-1
14.084045	2.059487E-1
14.084047	2.057877E-1
14.084049	2.057877E-1
14.084051	2.059487E-1
14.084053	2.049829E-1
14.084055	2.035342E-1
14.084057	2.020855E-1
14.084059	1.999930E-1
14.084061	1.983833E-1
14.084063	1.987052E-1
14.084065	1.980614E-1
14.084067	1.974175E-1
14.084069	1.966127E-1
14.084071	1.969346E-1
14.084073	1.935544E-1
14.084075	1.924276E-1
14.084077	1.922666E-1
14.084079	1.919447E-1
14.084081	1.921057E-1
14.084083	1.896912E-1
14.084085	1.893693E-1
14.084087	1.882425E-1
14.084089	1.884035E-1
14.084091	1.869548E-1
14.084093	1.859890E-1
14.084095	1.850232E-1
14.084097	1.827697E-1
14.084099	1.832526E-1
14.084101	1.821259E-1
14.084103	1.798723E-1
14.084105	1.798723E-1
14.084107	1.801943E-1
14.084109	1.774579E-1
14.084111	1.774579E-1
14.084113	1.766530E-1
14.084115	1.764921E-1
14.084117	1.731118E-1
14.084119	1.727899E-1
14.084121	1.718241E-1
14.084123	1.715022E-1
14.084125	1.694096E-1
14.084127	1.698925E-1
14.084129	1.692487E-1
14.084131	1.678000E-1
14.084133	1.671561E-1
14.084135	1.650636E-1
14.084137	1.650636E-1
14.084139	1.629710E-1
14.084141	1.640978E-1
14.084143	1.629710E-1
14.084145	1.618443E-1
14.084147	1.613614E-1
14.084149	1.603956E-1
14.084151	1.602346E-1
14.084153	1.576592E-1
14.084155	1.584640E-1
14.084157	1.568544E-1
14.084159	1.547618E-1
14.084161	1.549228E-1
14.084163	1.531522E-1
14.084165	1.526693E-1
14.084167	1.520254E-1
14.084169	1.523474E-1
14.084171	1.513816E-1
14.084173	1.504158E-1
14.084175	1.470355E-1
14.084177	1.481623E-1
14.084179	1.475184E-1
14.084181	1.451039E-1
14.084183	1.452649E-1
14.084185	1.454259E-1
14.084187	1.439772E-1
14.084189	1.420456E-1
14.084191	1.433333E-1
14.084193	1.407579E-1
14.084195	1.386653E-1
14.084197	1.385044E-1
14.084199	1.394702E-1
14.084201	1.388263E-1
14.084203	1.368947E-1
14.084205	1.349632E-1
14.084207	1.352851E-1
14.084209	1.346412E-1
14.084211	1.338364E-1
14.084213	1.302952E-1
14.084215	1.327097E-1
14.084217	1.294904E-1
14.084219	1.309390E-1
14.084221	1.312610E-1
14.084223	1.277197E-1
14.084225	1.273978E-1
14.084227	1.278807E-1
14.084229	1.251443E-1
14.084231	1.248224E-1
14.084233	1.238566E-1
14.084235	1.254662E-1
14.084237	1.238566E-1
14.084239	1.209592E-1
14.084241	1.230518E-1
14.084243	1.211202E-1
14.084245	1.203154E-1
14.084247	1.201544E-1
14.084249	1.188667E-1
14.084251	1.188667E-1
14.084253	1.179009E-1
14.084255	1.154864E-1
14.084257	1.148426E-1
14.084259	1.140377E-1
14.084261	1.121062E-1
14.084263	1.141987E-1
14.084265	1.113013E-1
14.084267	1.109794E-1
14.084269	1.116233E-1
14.084271	1.092088E-1
14.084273	1.077601E-1
14.084275	1.072772E-1
14.084277	1.071162E-1
14.084279	1.059895E-1
14.084281	1.029312E-1
14.084283	1.043798E-1
14.084285	1.051847E-1
14.084287	1.030921E-1
14.084289	1.027702E-1
14.084291	1.026092E-1
14.084293	1.008386E-1
14.084295	1.001948E-1
14.084297	9.810222E-2
14.084299	9.858512E-2
14.084301	9.826319E-2
14.084303	9.633161E-2
14.084305	9.633161E-2
14.084307	9.504389E-2
14.084309	9.729740E-2
14.084311	9.375617E-2
14.084313	9.295135E-2
14.084315	9.327328E-2
14.084317	9.198556E-2
14.084319	9.101977E-2
14.084321	8.941013E-2
14.084323	8.908820E-2
14.084325	8.699565E-2
14.084327	8.876627E-2
14.084329	8.667372E-2
14.084331	8.715662E-2
14.084333	8.522504E-2
14.084335	8.425925E-2
14.084337	8.442022E-2
14.084339	8.393732E-2
14.084341	8.345443E-2
14.084343	8.264961E-2
14.084345	8.039610E-2
14.084347	8.184478E-2
14.084349	7.910838E-2
14.084351	7.814259E-2
14.084353	7.782066E-2
14.084355	7.749873E-2
14.084357	7.653295E-2
14.084359	7.621102E-2
14.084361	7.508426E-2
14.084363	7.460137E-2
14.084365	7.379654E-2
14.084367	7.347462E-2
14.084369	7.202593E-2
14.084371	7.122111E-2
14.084373	6.928953E-2
14.084375	7.122111E-2
14.084377	6.977243E-2
14.084379	6.912857E-2
14.084381	6.751892E-2
14.084383	6.735796E-2
14.084385	6.590927E-2
14.084387	6.655313E-2
14.084389	6.542638E-2
14.084391	6.446059E-2
14.084393	6.108033E-2
14.084395	6.301191E-2
14.084397	6.252901E-2
14.084399	6.124130E-2
14.084401	6.011454E-2
14.084403	5.995358E-2
14.084405	5.963165E-2
14.084407	5.882682E-2
14.084409	5.882682E-2
14.084411	5.882682E-2
14.084413	5.592946E-2
14.084415	5.544657E-2
14.084417	5.431981E-2
14.084419	5.431981E-2
14.084421	5.303209E-2
14.084423	5.158341E-2
14.084425	4.932991E-2
14.084427	5.142245E-2
14.084429	5.013473E-2
14.084431	4.916894E-2
14.084433	4.965184E-2
14.084435	4.691544E-2
14.084437	4.739833E-2
14.084439	4.643254E-2
14.084441	4.482289E-2
14.084443	4.594965E-2
14.084445	4.385711E-2
14.084447	4.450096E-2
14.084449	4.450096E-2
14.084451	4.192553E-2
14.084453	4.240842E-2
14.084455	4.160360E-2
14.084457	3.967202E-2
14.084459	4.015492E-2
14.084461	4.112071E-2
14.084463	3.870624E-2
14.084465	3.886720E-2
14.084467	3.613080E-2
14.084469	3.564791E-2
14.084471	3.661369E-2
14.084473	3.452115E-2
14.084475	3.596984E-2
14.084477	3.452115E-2
14.084479	3.387729E-2
14.084481	2.969221E-2
14.084483	3.162379E-2
14.084485	3.162379E-2
14.084487	3.081896E-2
14.084489	3.033607E-2
14.084491	2.840449E-2
14.084493	2.985318E-2
14.084495	2.695581E-2
14.084497	2.599002E-2
14.084499	2.599002E-2
14.084501	2.599002E-2
14.084503	2.518520E-2
14.084505	2.534616E-2
14.084507	2.341459E-2
14.084509	2.293169E-2
14.084511	2.309266E-2
14.084513	2.293169E-2
14.084515	2.100012E-2
14.084517	1.906854E-2
14.084519	2.148301E-2
14.084521	1.922951E-2
14.084523	1.939047E-2
14.084525	1.745889E-2
14.084527	1.842468E-2
14.084529	1.633214E-2
14.084531	1.584925E-2
14.084533	1.520539E-2
14.084535	1.407864E-2
14.084537	1.327381E-2
14.084539	1.440057E-2
14.084541	1.118127E-2
14.084543	1.182513E-2
14.084545	1.102031E-2
14.084547	1.295188E-2
14.084549	1.198610E-2
14.084551	1.069838E-2
14.084553	1.021548E-2
14.084555	8.444873E-3
14.084557	9.893555E-3
14.084559	9.088731E-3
14.084561	6.996191E-3
14.084563	5.064614E-3
14.084565	5.547508E-3
14.084567	4.742685E-3
14.084569	5.064614E-3
14.084571	4.581720E-3
14.084573	1.523392E-3
14.084575	3.294003E-3
14.084577	2.489180E-3
14.084579	1.362427E-3
14.084581	-1.213008E-3
14.084583	-2.472199E-4
14.084585	3.966388E-4
14.084587	-8.625520E-5
14.084589	-1.695902E-3
14.084591	-3.466513E-3
14.084593	-5.691492E-4
14.084595	-2.017831E-3
14.084597	-3.466513E-3
14.084599	-5.559054E-3
14.084601	-5.880983E-3
14.084603	-6.041948E-3
14.084605	-6.685807E-3
14.084607	-8.295453E-3
14.084609	-7.329665E-3
14.084611	-8.617383E-3
14.084613	-7.651595E-3
14.084615	-9.261241E-3
14.084617	-8.295453E-3
14.084619	-9.583171E-3
14.084621	-9.261241E-3
14.084623	-1.167571E-2
14.084625	-1.248053E-2
14.084627	-1.231957E-2
14.084629	-1.521693E-2
14.084631	-1.473404E-2
14.084633	-1.553886E-2
14.084635	-1.602176E-2
14.084637	-1.521693E-2
14.084639	-1.457308E-2
14.084641	-1.586079E-2
14.084643	-1.763140E-2
14.084645	-1.602176E-2
14.084647	-1.891912E-2
14.084649	-2.165552E-2
14.084651	-2.133359E-2
14.084653	-2.085070E-2
14.084655	-2.423095E-2
14.084657	-2.068973E-2
14.084659	-2.117263E-2
14.084661	-2.197745E-2
14.084663	-2.262131E-2
14.084665	-2.439192E-2
14.084667	-2.406999E-2
14.084669	-2.535771E-2
14.084671	-2.471385E-2
14.084673	-2.761121E-2
14.084675	-2.535771E-2
14.084677	-2.793314E-2
14.084679	-2.825507E-2
14.084681	-2.841604E-2
14.084683	-2.905989E-2
14.084685	-2.793314E-2
14.084687	-3.083050E-2
14.084689	-3.147436E-2
14.084691	-3.131340E-2
14.084693	-3.227919E-2
14.084695	-3.308401E-2
14.084697	-3.404980E-2
14.084699	-3.421076E-2
14.084701	-3.501559E-2
14.084703	-3.469366E-2
14.084705	-3.469366E-2
14.084707	-3.437173E-2
14.084709	-3.662523E-2
14.084711	-3.662523E-2
14.084713	-3.614234E-2
14.084715	-3.920067E-2
14.084717	-3.646427E-2
14.084719	-3.920067E-2
14.084721	-3.952260E-2
14.084723	-3.952260E-2
14.084725	-3.903970E-2
14.084727	-3.807391E-2
14.084729	-4.081031E-2
14.084731	-4.081031E-2
14.084733	-4.241996E-2
14.084735	-4.290285E-2
14.084737	-4.354671E-2
14.084739	-4.386864E-2
14.084741	-4.515636E-2
14.084743	-4.499539E-2
14.084745	-4.612215E-2
14.084747	-4.580022E-2
14.084749	-4.757083E-2
14.084751	-4.773179E-2
14.084753	-4.837565E-2
14.084755	-4.918047E-2
14.084757	-4.885854E-2
14.084759	-4.982433E-2
14.084761	-5.111205E-2
14.084763	-5.046819E-2
14.084765	-5.046819E-2
14.084767	-5.143398E-2
14.084769	-5.111205E-2
14.084771	-5.336555E-2
14.084773	-5.336555E-2
14.084775	-5.400941E-2
14.084777	-5.159494E-2
14.084779	-5.304362E-2
14.084781	-5.272170E-2
14.084783	-5.658485E-2
14.084785	-5.626292E-2
14.084787	-5.594099E-2
14.084789	-5.771160E-2
14.084791	-5.722870E-2
14.084793	-5.996510E-2
14.084795	-5.755063E-2
14.084797	-5.980414E-2
14.084799	-5.899932E-2
14.084801	-5.835546E-2
14.084803	-6.157475E-2
14.084805	-6.141378E-2
14.084807	-6.157475E-2
14.084809	-6.060896E-2
14.084811	-6.141378E-2
14.084813	-6.415018E-2
14.084815	-6.350632E-2
14.084817	-6.463308E-2
14.084819	-6.463308E-2
14.084821	-6.463308E-2
14.084823	-6.543790E-2
14.084825	-6.753044E-2
14.084827	-6.769140E-2
14.084829	-6.688658E-2
14.084831	-6.801333E-2
14.084833	-6.849623E-2
14.084835	-6.849623E-2
14.084837	-6.978394E-2
14.084839	-7.010587E-2
14.084841	-7.042780E-2
14.084843	-7.074973E-2
14.084845	-7.268131E-2
14.084847	-7.123263E-2
14.084849	-7.187648E-2
14.084851	-7.139359E-2
14.084853	-7.412999E-2
14.084855	-7.284227E-2
14.084857	-7.445192E-2
14.084859	-7.364710E-2
14.084861	-7.396902E-2
14.084863	-7.638349E-2
14.084865	-7.638349E-2
14.084867	-7.767121E-2
14.084869	-7.702735E-2
14.084871	-7.686639E-2
14.084873	-7.654446E-2
14.084875	-7.863700E-2
14.084877	-7.847603E-2
14.084879	-7.944182E-2
14.084881	-7.847603E-2
14.084883	-8.024664E-2
14.084885	-8.008568E-2
14.084887	-7.960279E-2
14.084889	-8.153436E-2
14.084891	-8.040761E-2
14.084893	-8.346594E-2
14.084895	-8.217822E-2
14.084897	-8.298304E-2
14.084899	-8.378787E-2
14.084901	-8.523655E-2
14.084903	-8.346594E-2
14.084905	-8.636330E-2
14.084907	-8.571944E-2
14.084909	-8.604137E-2
14.084911	-8.652426E-2
14.084913	-8.620233E-2
14.084915	-8.716812E-2
14.084917	-8.893873E-2
14.084919	-8.636330E-2
14.084921	-8.909970E-2
14.084923	-8.781198E-2
14.084925	-8.974356E-2
14.084927	-8.958259E-2
14.084929	-9.022645E-2
14.084931	-9.070934E-2
14.084933	-9.103127E-2
14.084935	-9.231899E-2
14.084937	-9.151417E-2
14.084939	-9.264092E-2
14.084941	-9.392864E-2
14.084943	-9.569925E-2
14.084945	-9.457249E-2
14.084947	-9.714793E-2
14.084949	-9.312381E-2
14.084951	-9.521635E-2
14.084953	-9.376767E-2
14.084955	-9.682600E-2
14.084957	-9.682600E-2
14.084959	-9.666503E-2
14.084961	-9.811371E-2
14.084963	-9.698696E-2
14.084965	-9.666503E-2
14.084967	-9.795275E-2
14.084969	-9.875757E-2
14.084971	-1.005282E-1
14.084973	-9.811371E-2
14.084975	-9.859661E-2
14.084977	-1.006891E-1
14.084979	-9.956240E-2
14.084981	-1.011720E-1
14.084983	-1.018159E-1
14.084985	-1.027817E-1
14.084987	-1.027817E-1
14.084989	-1.016549E-1
14.084991	-1.029427E-1
14.084993	-1.034255E-1
14.084995	-1.047133E-1
14.084997	-1.034255E-1
14.084999	-1.061619E-1
14.085001	-1.058400E-1
14.085003	-1.063229E-1
14.085005	-1.077716E-1
14.085007	-1.050352E-1
14.085009	-1.069668E-1
14.085011	-1.079326E-1
14.085013	-1.074497E-1
14.085015	-1.082545E-1
14.085017	-1.085764E-1
14.085019	-1.080935E-1
14.085021	-1.088983E-1
14.085023	-1.101861E-1
14.085025	-1.103470E-1
14.085027	-1.109909E-1
14.085029	-1.111518E-1
14.085031	-1.111518E-1
14.085033	-1.119567E-1
14.085035	-1.138882E-1
14.085037	-1.150150E-1
14.085039	-1.129225E-1
14.085041	-1.138882E-1
14.085043	-1.153369E-1
14.085045	-1.135663E-1
14.085047	-1.143711E-1
14.085049	-1.140492E-1
14.085051	-1.161417E-1
14.085053	-1.142102E-1
14.085055	-1.159808E-1
14.085057	-1.163027E-1
14.085059	-1.183953E-1
14.085061	-1.172685E-1
14.085063	-1.167856E-1
14.085065	-1.172685E-1
14.085067	-1.180733E-1
14.085069	-1.188781E-1
14.085071	-1.196830E-1
14.085073	-1.193610E-1
14.085075	-1.190391E-1
14.085077	-1.200049E-1
14.085079	-1.217755E-1
14.085081	-1.220974E-1
14.085083	-1.216145E-1
14.085085	-1.196830E-1
14.085087	-1.216145E-1
14.085089	-1.229023E-1
14.085091	-1.240290E-1
14.085093	-1.225803E-1
14.085095	-1.237071E-1
14.085097	-1.240290E-1
14.085099	-1.249948E-1
14.085101	-1.240290E-1
14.085103	-1.264435E-1
14.085105	-1.266044E-1
14.085107	-1.249948E-1
14.085109	-1.256387E-1
14.085111	-1.274093E-1
14.085113	-1.256387E-1
14.085115	-1.257996E-1
14.085117	-1.293408E-1
14.085119	-1.270873E-1
14.085121	-1.288579E-1
14.085123	-1.282141E-1
14.085125	-1.293408E-1
14.085127	-1.293408E-1
14.085129	-1.309505E-1
14.085131	-1.306286E-1
14.085133	-1.311115E-1
14.085135	-1.322382E-1
14.085137	-1.309505E-1
14.085139	-1.312724E-1
14.085141	-1.309505E-1
14.085143	-1.328821E-1
14.085145	-1.327211E-1
14.085147	-1.319163E-1
14.085149	-1.335259E-1
14.085151	-1.348136E-1
14.085153	-1.344917E-1
14.085155	-1.356185E-1
14.085157	-1.351356E-1
14.085159	-1.341698E-1
14.085161	-1.349746E-1
14.085163	-1.364233E-1
14.085165	-1.361014E-1
14.085167	-1.369062E-1
14.085169	-1.378720E-1
14.085171	-1.367452E-1
14.085173	-1.369062E-1
14.085175	-1.356185E-1
14.085177	-1.389987E-1
14.085179	-1.378720E-1
14.085181	-1.381939E-1
14.085183	-1.394816E-1
14.085185	-1.406084E-1
14.085187	-1.402864E-1
14.085189	-1.398035E-1
14.085191	-1.412522E-1
14.085193	-1.391597E-1
14.085195	-1.399645E-1
14.085197	-1.404474E-1
14.085199	-1.427009E-1
14.085201	-1.427009E-1
14.085203	-1.420570E-1
14.085205	-1.427009E-1
14.085207	-1.422180E-1
14.085209	-1.422180E-1
14.085211	-1.422180E-1
14.085213	-1.435057E-1
14.085215	-1.449544E-1
14.085217	-1.454373E-1
14.085219	-1.438277E-1
14.085221	-1.444715E-1
14.085223	-1.454373E-1
14.085225	-1.467250E-1
14.085227	-1.449544E-1
14.085229	-1.467250E-1
14.085231	-1.457592E-1
14.085233	-1.465640E-1
14.085235	-1.459202E-1
14.085237	-1.470469E-1
14.085239	-1.488176E-1
14.085241	-1.478518E-1
14.085243	-1.481737E-1
14.085245	-1.488176E-1
14.085247	-1.494614E-1
14.085249	-1.517149E-1
14.085251	-1.494614E-1
14.085253	-1.497833E-1
14.085255	-1.494614E-1
14.085257	-1.515540E-1
14.085259	-1.505882E-1
14.085261	-1.518759E-1
14.085263	-1.518759E-1
14.085265	-1.512320E-1
14.085267	-1.536465E-1
14.085269	-1.528417E-1
14.085271	-1.541294E-1
14.085273	-1.525197E-1
14.085275	-1.534855E-1
14.085277	-1.552561E-1
14.085279	-1.541294E-1
14.085281	-1.547732E-1
14.085283	-1.559000E-1
14.085285	-1.533246E-1
14.085287	-1.575096E-1
14.085289	-1.552561E-1
14.085291	-1.549342E-1
14.085293	-1.546123E-1
14.085295	-1.555781E-1
14.085297	-1.555781E-1
14.085299	-1.563829E-1
14.085301	-1.570267E-1
14.085303	-1.573487E-1
14.085305	-1.576706E-1
14.085307	-1.610509E-1
14.085309	-1.576706E-1
14.085311	-1.568658E-1
14.085313	-1.581535E-1
14.085315	-1.605680E-1
14.085317	-1.586364E-1
14.085319	-1.594412E-1
14.085321	-1.607289E-1
14.085323	-1.600851E-1
14.085325	-1.612118E-1
14.085327	-1.604070E-1
14.085329	-1.605680E-1
14.085331	-1.621776E-1
14.085333	-1.615338E-1
14.085335	-1.624995E-1
14.085337	-1.628215E-1
14.085339	-1.624995E-1
14.085341	-1.644311E-1
14.085343	-1.636263E-1
14.085345	-1.639482E-1
14.085347	-1.647530E-1
14.085349	-1.644311E-1
14.085351	-1.645921E-1
14.085353	-1.649140E-1
14.085355	-1.641092E-1
