22.655081	-5.004595E-1
22.655082	-5.003951E-1
22.655082	-5.004595E-1
22.655083	-5.004273E-1
22.655084	-5.005882E-1
22.655085	-5.005238E-1
22.655086	-5.003629E-1
22.655086	-5.003307E-1
22.655087	-5.005882E-1
22.655088	-5.003951E-1
22.655089	-5.003951E-1
22.655090	-5.004595E-1
22.655090	-5.004595E-1
22.655091	-5.004916E-1
22.655092	-5.003951E-1
22.655093	-5.004595E-1
22.655094	-5.004595E-1
22.655094	-5.007170E-1
22.655095	-5.003629E-1
22.655096	-5.004595E-1
22.655097	-5.003307E-1
22.655098	-5.004273E-1
22.655098	-5.006204E-1
22.655099	-5.005238E-1
22.655100	-5.004595E-1
22.655101	-5.004273E-1
22.655102	-5.004595E-1
22.655102	-5.003629E-1
22.655103	-5.004595E-1
22.655104	-5.003629E-1
22.655105	-5.003629E-1
22.655106	-5.005560E-1
22.655106	-5.003629E-1
22.655107	-5.003629E-1
22.655108	-5.005238E-1
22.655109	-5.005882E-1
22.655110	-5.004595E-1
22.655110	-5.003951E-1
22.655111	-5.004595E-1
22.655112	-5.003951E-1
22.655113	-5.006526E-1
22.655114	-5.003951E-1
22.655114	-5.004916E-1
22.655115	-5.004916E-1
22.655116	-5.003307E-1
22.655117	-5.005560E-1
22.655118	-5.003951E-1
22.655118	-5.003951E-1
22.655119	-5.004916E-1
22.655120	-5.006204E-1
22.655121	-5.005882E-1
22.655122	-5.005238E-1
22.655122	-5.004273E-1
22.655123	-5.003951E-1
22.655124	-5.005882E-1
22.655125	-5.006526E-1
22.655126	-5.004595E-1
22.655126	-5.004273E-1
22.655127	-5.006204E-1
22.655128	-5.005238E-1
22.655129	-5.005560E-1
22.655130	-5.003951E-1
22.655130	-5.004273E-1
22.655131	-5.006204E-1
22.655132	-5.003629E-1
22.655133	-5.005238E-1
22.655134	-5.003307E-1
22.655134	-5.004595E-1
22.655135	-5.004916E-1
22.655136	-5.004273E-1
22.655137	-5.003951E-1
22.655138	-5.004273E-1
22.655138	-5.007492E-1
22.655139	-5.005560E-1
22.655140	-5.006204E-1
22.655141	-5.004273E-1
22.655142	-5.005238E-1
22.655142	-5.005882E-1
22.655143	-5.004916E-1
22.655144	-5.003951E-1
22.655145	-5.002985E-1
22.655146	-5.006204E-1
22.655146	-5.005560E-1
22.655147	-5.004273E-1
22.655148	-5.003951E-1
22.655149	-5.004273E-1
22.655150	-5.004273E-1
22.655150	-5.004595E-1
22.655151	-5.004273E-1
22.655152	-5.003307E-1
22.655153	-5.006204E-1
22.655154	-5.004595E-1
22.655154	-5.003629E-1
22.655155	-5.004595E-1
22.655156	-5.004273E-1
22.655157	-5.005238E-1
22.655158	-5.003307E-1
22.655158	-5.004273E-1
22.655159	-5.003629E-1
22.655160	-5.003951E-1
22.655161	-5.004916E-1
22.655162	-5.004273E-1
22.655162	-5.003629E-1
22.655163	-5.004916E-1
22.655164	-5.004916E-1
22.655165	-5.004273E-1
22.655166	-5.005238E-1
22.655166	-5.004595E-1
22.655167	-5.005882E-1
22.655168	-5.003951E-1
22.655169	-5.005238E-1
22.655170	-5.005238E-1
22.655170	-5.003951E-1
22.655171	-5.006204E-1
22.655172	-5.004273E-1
22.655173	-5.004273E-1
22.655174	-5.004916E-1
22.655174	-5.005560E-1
22.655175	-5.004273E-1
22.655176	-5.004273E-1
22.655177	-5.003629E-1
22.655178	-5.003629E-1
22.655178	-5.006526E-1
22.655179	-5.004273E-1
22.655180	-5.003951E-1
22.655181	-5.003951E-1
22.655182	-5.002985E-1
22.655182	-5.005238E-1
22.655183	-5.003951E-1
22.655184	-5.004916E-1
22.655185	-5.003629E-1
22.655186	-5.005882E-1
22.655186	-5.004273E-1
22.655187	-5.004916E-1
22.655188	-5.003951E-1
22.655189	-5.005238E-1
22.655190	-5.005560E-1
22.655190	-5.005882E-1
22.655191	-5.005560E-1
22.655192	-5.004595E-1
22.655193	-5.005882E-1
22.655194	-5.003629E-1
22.655194	-5.005238E-1
22.655195	-5.004595E-1
22.655196	-5.005238E-1
22.655197	-5.006848E-1
22.655198	-5.004916E-1
22.655198	-5.004916E-1
22.655199	-5.003307E-1
22.655200	-5.006204E-1
22.655201	-5.004916E-1
22.655202	-5.005882E-1
22.655202	-5.003951E-1
22.655203	-5.004916E-1
22.655204	-5.005882E-1
22.655205	-5.004916E-1
22.655206	-5.004595E-1
22.655206	-5.004595E-1
22.655207	-5.004273E-1
22.655208	-5.005238E-1
22.655209	-5.005560E-1
22.655210	-5.005560E-1
22.655210	-5.002985E-1
22.655211	-5.006848E-1
22.655212	-5.005560E-1
22.655213	-5.005238E-1
22.655214	-5.003629E-1
22.655214	-5.004595E-1
22.655215	-5.005238E-1
22.655216	-5.004916E-1
22.655217	-5.004595E-1
22.655218	-5.005560E-1
22.655218	-5.005560E-1
22.655219	-5.004916E-1
22.655220	-5.004273E-1
22.655221	-5.003951E-1
22.655222	-5.004595E-1
22.655222	-5.005882E-1
22.655223	-5.003629E-1
22.655224	-5.005560E-1
22.655225	-5.004273E-1
22.655226	-5.004595E-1
22.655226	-5.005238E-1
22.655227	-5.004273E-1
22.655228	-5.004273E-1
22.655229	-5.004595E-1
22.655230	-5.007170E-1
22.655230	-5.005238E-1
22.655231	-5.004595E-1
22.655232	-5.002985E-1
22.655233	-5.004916E-1
22.655234	-5.005560E-1
22.655234	-5.004595E-1
22.655235	-5.004273E-1
22.655236	-5.004273E-1
22.655237	-5.006204E-1
22.655238	-5.004595E-1
22.655238	-5.005560E-1
22.655239	-4.997511E-1
22.655240	-5.005882E-1
22.655241	-5.003951E-1
22.655242	-5.003307E-1
22.655242	-5.002663E-1
22.655243	-5.002019E-1
22.655244	-5.001053E-1
22.655245	-4.999121E-1
22.655246	-4.996867E-1
22.655246	-4.993969E-1
22.655247	-4.992359E-1
22.655248	-4.990427E-1
22.655249	-4.988817E-1
22.655250	-4.985275E-1
22.655250	-4.980767E-1
22.655251	-4.979479E-1
22.655252	-4.974327E-1
22.655253	-4.969819E-1
22.655254	-4.965956E-1
22.655254	-4.963380E-1
22.655255	-4.959838E-1
22.655256	-4.955008E-1
22.655257	-4.949534E-1
22.655258	-4.943738E-1
22.655258	-4.940840E-1
22.655259	-4.934079E-1
22.655260	-4.929249E-1
22.655261	-4.922809E-1
22.655262	-4.917335E-1
22.655262	-4.912827E-1
22.655263	-4.906387E-1
22.655264	-4.899625E-1
22.655265	-4.890610E-1
22.655266	-4.887068E-1
22.655266	-4.878052E-1
22.655267	-4.871612E-1
22.655268	-4.863241E-1
22.655269	-4.855191E-1
22.655270	-4.850683E-1
22.655270	-4.840057E-1
22.655271	-4.831685E-1
22.655272	-4.824602E-1
22.655273	-4.816552E-1
22.655274	-4.809146E-1
22.655274	-4.799164E-1
22.655275	-4.790149E-1
22.655276	-4.779845E-1
22.655277	-4.773083E-1
22.655278	-4.763423E-1
22.655278	-4.753442E-1
22.655279	-4.744426E-1
22.655280	-4.732834E-1
22.655281	-4.724141E-1
22.655282	-4.712227E-1
22.655282	-4.702567E-1
22.655283	-4.692264E-1
22.655284	-4.683892E-1
22.655285	-4.669724E-1
22.655286	-4.661674E-1
22.655286	-4.649439E-1
22.655287	-4.638169E-1
22.655288	-4.627543E-1
22.655289	-4.614664E-1
22.655290	-4.603394E-1
22.655290	-4.591481E-1
22.655291	-4.581499E-1
22.655292	-4.568941E-1
22.655293	-4.555418E-1
22.655294	-4.542538E-1
22.655294	-4.530946E-1
22.655295	-4.518711E-1
22.655296	-4.505187E-1
22.655297	-4.492308E-1
22.655298	-4.478784E-1
22.655298	-4.468480E-1
22.655299	-4.452703E-1
22.655300	-4.439179E-1
22.655301	-4.425978E-1
22.655302	-4.412776E-1
22.655302	-4.401506E-1
22.655303	-4.385729E-1
22.655304	-4.371239E-1
22.655305	-4.358038E-1
22.655306	-4.343548E-1
22.655306	-4.329703E-1
22.655307	-4.313925E-1
22.655308	-4.300402E-1
22.655309	-4.285268E-1
22.655310	-4.273676E-1
22.655310	-4.255645E-1
22.655311	-4.240833E-1
22.655312	-4.225700E-1
22.655313	-4.210244E-1
22.655314	-4.196721E-1
22.655314	-4.179655E-1
22.655315	-4.164522E-1
22.655316	-4.148744E-1
22.655317	-4.134899E-1
22.655318	-4.117189E-1
22.655318	-4.102056E-1
22.655319	-4.085634E-1
22.655320	-4.069857E-1
22.655321	-4.054079E-1
22.655322	-4.036692E-1
22.655322	-4.020592E-1
22.655323	-4.003527E-1
22.655324	-3.989037E-1
22.655325	-3.971972E-1
22.655326	-3.954263E-1
22.655326	-3.938485E-1
22.655327	-3.920454E-1
22.655328	-3.904676E-1
22.655329	-3.885679E-1
22.655330	-3.869579E-1
22.655330	-3.852192E-1
22.655331	-3.835126E-1
22.655332	-3.818061E-1
22.655333	-3.801318E-1
22.655334	-3.783286E-1
22.655334	-3.764611E-1
22.655335	-3.749477E-1
22.655336	-3.728870E-1
22.655337	-3.712127E-1
22.655338	-3.692485E-1
22.655338	-3.677030E-1
22.655339	-3.658354E-1
22.655340	-3.639357E-1
22.655341	-3.621326E-1
22.655342	-3.602650E-1
22.655342	-3.586873E-1
22.655343	-3.565943E-1
22.655344	-3.548556E-1
22.655345	-3.528915E-1
22.655346	-3.511205E-1
22.655346	-3.493174E-1
22.655347	-3.473533E-1
22.655348	-3.455179E-1
22.655349	-3.434894E-1
22.655350	-3.417184E-1
22.655350	-3.397865E-1
22.655351	-3.379834E-1
22.655352	-3.360192E-1
22.655353	-3.339907E-1
22.655354	-3.324774E-1
22.655354	-3.302878E-1
22.655355	-3.284203E-1
22.655356	-3.262630E-1
22.655357	-3.247174E-1
22.655358	-3.224635E-1
22.655358	-3.206604E-1
22.655359	-3.185674E-1
22.655360	-3.166033E-1
22.655361	-3.147680E-1
22.655362	-3.128360E-1
22.655362	-3.107753E-1
22.655363	-3.087146E-1
22.655364	-3.066860E-1
22.655365	-3.046897E-1
22.655366	-3.028544E-1
22.655366	-3.007615E-1
22.655367	-2.988295E-1
22.655368	-2.968332E-1
22.655369	-2.947403E-1
22.655370	-2.927761E-1
22.655370	-2.906832E-1
22.655371	-2.887513E-1
22.655372	-2.867227E-1
22.655373	-2.845654E-1
22.655374	-2.825047E-1
22.655374	-2.805728E-1
22.655375	-2.787374E-1
22.655376	-2.765801E-1
22.655377	-2.744872E-1
22.655378	-2.723942E-1
22.655378	-2.704623E-1
22.655379	-2.683050E-1
22.655380	-2.662765E-1
22.655381	-2.643123E-1
22.655382	-2.619940E-1
22.655382	-2.601909E-1
22.655383	-2.580658E-1
22.655384	-2.560050E-1
22.655385	-2.538155E-1
22.655386	-2.519158E-1
22.655386	-2.499516E-1
22.655387	-2.476011E-1
22.655388	-2.455404E-1
22.655389	-2.433509E-1
22.655390	-2.415155E-1
22.655390	-2.392616E-1
22.655391	-2.371687E-1
22.655392	-2.351402E-1
22.655393	-2.330794E-1
22.655394	-2.311153E-1
22.655394	-2.289258E-1
22.655395	-2.269617E-1
22.655396	-2.245789E-1
22.655397	-2.224860E-1
22.655398	-2.205541E-1
22.655398	-2.183646E-1
22.655399	-2.160785E-1
22.655400	-2.142431E-1
22.655401	-2.121824E-1
22.655402	-2.100251E-1
22.655402	-2.078355E-1
22.655403	-2.056782E-1
22.655404	-2.036819E-1
22.655405	-2.015246E-1
22.655406	-1.992385E-1
22.655406	-1.973065E-1
22.655407	-1.949882E-1
22.655408	-1.931851E-1
22.655409	-1.909312E-1
22.655410	-1.888060E-1
22.655410	-1.866165E-1
22.655411	-1.845236E-1
22.655412	-1.824629E-1
22.655413	-1.803699E-1
22.655414	-1.780194E-1
22.655414	-1.760553E-1
22.655415	-1.739946E-1
22.655416	-1.718694E-1
22.655417	-1.696477E-1
22.655418	-1.675226E-1
22.655418	-1.653975E-1
22.655419	-1.634333E-1
22.655420	-1.612438E-1
22.655421	-1.590543E-1
22.655422	-1.569614E-1
22.655422	-1.549328E-1
22.655423	-1.527755E-1
22.655424	-1.505538E-1
22.655425	-1.484287E-1
22.655426	-1.463036E-1
22.655426	-1.443394E-1
22.655427	-1.421499E-1
22.655428	-1.400248E-1
22.655429	-1.376743E-1
22.655430	-1.358389E-1
22.655430	-1.336494E-1
22.655431	-1.314921E-1
22.655432	-1.294636E-1
22.655433	-1.273062E-1
22.655434	-1.252455E-1
22.655434	-1.232492E-1
22.655435	-1.210275E-1
22.655436	-1.187735E-1
22.655437	-1.167128E-1
22.655438	-1.145877E-1
22.655438	-1.124948E-1
22.655439	-1.104018E-1
22.655440	-1.081479E-1
22.655441	-1.063448E-1
22.655442	-1.039621E-1
22.655442	-1.018369E-1
22.655443	-9.974401E-2
22.655444	-9.768328E-2
22.655445	-9.562255E-2
22.655446	-9.356183E-2
22.655446	-9.150110E-2
22.655447	-8.927938E-2
22.655448	-8.741184E-2
22.655449	-8.525452E-2
22.655450	-8.312939E-2
22.655450	-8.090767E-2
22.655451	-7.900794E-2
22.655452	-7.697941E-2
22.655453	-7.475769E-2
22.655454	-7.266476E-2
22.655454	-7.047524E-2
22.655455	-6.851110E-2
22.655456	-6.645038E-2
22.655457	-6.432525E-2
22.655458	-6.229672E-2
22.655458	-6.033259E-2
22.655459	-5.833626E-2
22.655460	-5.614673E-2
22.655461	-5.405381E-2
22.655462	-5.192868E-2
22.655462	-4.990015E-2
22.655463	-4.777502E-2
22.655464	-4.574649E-2
22.655465	-4.375016E-2
22.655466	-4.162503E-2
22.655466	-3.991849E-2
22.655467	-3.753577E-2
22.655468	-3.557164E-2
22.655469	-3.344651E-2
22.655470	-3.157898E-2
22.655470	-2.951825E-2
22.655471	-2.748972E-2
22.655472	-2.546119E-2
22.655473	-2.330386E-2
22.655474	-2.146852E-2
22.655474	-1.943999E-2
22.655475	-1.741146E-2
22.655476	-1.522193E-2
22.655477	-1.329000E-2
22.655478	-1.142246E-2
22.655478	-9.329531E-3
22.655479	-7.333198E-3
22.655480	-5.175870E-3
22.655481	-3.308332E-3
22.655482	-1.311999E-3
22.655482	6.199367E-4
22.655483	2.648469E-3
22.655484	4.644803E-3
22.655485	6.512341E-3
22.655486	8.605272E-3
22.655486	1.053721E-2
22.655487	1.272674E-2
22.655488	1.440108E-2
22.655489	1.655841E-2
22.655490	1.849035E-2
22.655490	2.042228E-2
22.655491	2.225762E-2
22.655492	2.425396E-2
22.655493	2.625029E-2
22.655494	2.827883E-2
22.655494	3.021077E-2
22.655495	3.214270E-2
22.655496	3.401024E-2
22.655497	3.597438E-2
22.655498	3.780972E-2
22.655498	3.990265E-2
22.655499	4.154480E-2
22.655500	4.379873E-2
22.655501	4.553747E-2
22.655502	4.756601E-2
22.655502	4.930475E-2
22.655503	5.133329E-2
22.655504	5.313643E-2
22.655505	5.513277E-2
22.655506	5.709691E-2
22.655506	5.880345E-2
22.655507	6.079979E-2
22.655508	6.276393E-2
22.655509	6.456707E-2
22.655510	6.646681E-2
22.655510	6.820556E-2
22.655511	7.023410E-2
22.655512	7.210164E-2
22.655513	7.403358E-2
22.655514	7.580453E-2
22.655514	7.767207E-2
22.655515	7.944301E-2
22.655516	8.137496E-2
22.655517	8.314590E-2
22.655518	8.498125E-2
22.655518	8.678439E-2
22.655519	8.868413E-2
22.655520	9.055168E-2
22.655521	9.229042E-2
22.655522	9.412577E-2
22.655522	9.599331E-2
22.655523	9.786086E-2
22.655524	9.969620E-2
22.655525	1.013062E-1
22.655526	1.032703E-1
22.655526	1.049768E-1
22.655527	1.066834E-1
22.655528	1.083899E-1
22.655529	1.103219E-1
22.655530	1.119962E-1
22.655530	1.139604E-1
22.655531	1.157635E-1
22.655532	1.172447E-1
22.655533	1.191444E-1
22.655534	1.211086E-1
22.655534	1.227829E-1
22.655535	1.244573E-1
22.655536	1.262926E-1
22.655537	1.279348E-1
22.655538	1.296091E-1
22.655538	1.315089E-1
22.655539	1.329256E-1
22.655540	1.348254E-1
22.655541	1.364997E-1
22.655542	1.383029E-1
22.655542	1.399772E-1
22.655543	1.416194E-1
22.655544	1.433581E-1
22.655545	1.451291E-1
22.655546	1.468357E-1
22.655546	1.483812E-1
22.655547	1.501522E-1
22.655548	1.518587E-1
22.655549	1.535975E-1
22.655550	1.551752E-1
22.655550	1.566886E-1
22.655551	1.586527E-1
22.655552	1.601983E-1
22.655553	1.618404E-1
22.655554	1.633216E-1
22.655554	1.651570E-1
22.655555	1.667347E-1
22.655556	1.683769E-1
22.655557	1.702122E-1
22.655558	1.715324E-1
22.655558	1.733999E-1
22.655559	1.748811E-1
22.655560	1.766521E-1
22.655561	1.781332E-1
22.655562	1.797432E-1
22.655562	1.815463E-1
22.655563	1.829631E-1
22.655564	1.846696E-1
22.655565	1.858288E-1
22.655566	1.877286E-1
22.655566	1.893707E-1
22.655567	1.908519E-1
22.655568	1.924297E-1
22.655569	1.939752E-1
22.655570	1.955530E-1
22.655570	1.970663E-1
22.655571	1.988051E-1
22.655572	1.999965E-1
22.655573	2.017674E-1
22.655574	2.032808E-1
22.655574	2.049551E-1
22.655575	2.064685E-1
22.655576	2.079497E-1
22.655577	2.092698E-1
22.655578	2.108798E-1
22.655578	2.124576E-1
22.655579	2.139387E-1
22.655580	2.155165E-1
22.655581	2.170943E-1
22.655582	2.185110E-1
22.655582	2.198956E-1
22.655583	2.214412E-1
22.655584	2.229545E-1
22.655585	2.243713E-1
22.655586	2.258846E-1
22.655586	2.273658E-1
22.655587	2.288792E-1
22.655588	2.302315E-1
22.655589	2.317127E-1
22.655590	2.332905E-1
22.655590	2.345784E-1
22.655591	2.361884E-1
22.655592	2.375730E-1
22.655593	2.389576E-1
22.655594	2.402777E-1
22.655594	2.416623E-1
22.655595	2.432401E-1
22.655596	2.446246E-1
22.655597	2.461058E-1
22.655598	2.472328E-1
22.655598	2.487461E-1
22.655599	2.501951E-1
22.655600	2.516763E-1
22.655601	2.529964E-1
22.655602	2.543488E-1
22.655602	2.556690E-1
22.655603	2.571180E-1
22.655604	2.586313E-1
22.655605	2.596295E-1
22.655606	2.612717E-1
22.655606	2.626240E-1
22.655607	2.639764E-1
22.655608	2.652644E-1
22.655609	2.665202E-1
22.655610	2.678725E-1
22.655610	2.692893E-1
22.655611	2.705129E-1
22.655612	2.716721E-1
22.655613	2.732498E-1
22.655614	2.746022E-1
22.655614	2.759224E-1
22.655615	2.771138E-1
22.655616	2.783373E-1
22.655617	2.796897E-1
22.655618	2.810421E-1
22.655618	2.825232E-1
22.655619	2.833282E-1
22.655620	2.848416E-1
22.655621	2.860974E-1
22.655622	2.874498E-1
22.655622	2.887055E-1
22.655623	2.897359E-1
22.655624	2.910883E-1
22.655625	2.923441E-1
22.655626	2.936320E-1
22.655626	2.947590E-1
22.655627	2.960792E-1
22.655628	2.972384E-1
22.655629	2.985263E-1
22.655630	2.998143E-1
22.655630	3.008125E-1
22.655631	3.022293E-1
22.655632	3.033885E-1
22.655633	3.046764E-1
22.655634	3.057068E-1
22.655634	3.070270E-1
22.655635	3.082184E-1
22.655636	3.093776E-1
22.655637	3.104079E-1
22.655638	3.115671E-1
22.655638	3.127585E-1
22.655639	3.140465E-1
22.655640	3.152379E-1
22.655641	3.164614E-1
22.655642	3.174596E-1
22.655642	3.187154E-1
22.655643	3.198102E-1
22.655644	3.209372E-1
22.655645	3.219353E-1
22.655646	3.232555E-1
22.655646	3.242859E-1
22.655647	3.254773E-1
22.655648	3.266365E-1
22.655649	3.276025E-1
22.655650	3.288582E-1
22.655650	3.299852E-1
22.655651	3.310800E-1
22.655652	3.321104E-1
22.655653	3.332052E-1
22.655654	3.342677E-1
22.655654	3.353947E-1
22.655655	3.364573E-1
22.655656	3.374877E-1
22.655657	3.386469E-1
22.655658	3.396129E-1
22.655658	3.408364E-1
22.655659	3.417058E-1
22.655660	3.428006E-1
22.655661	3.439598E-1
22.655662	3.450224E-1
22.655662	3.460528E-1
22.655663	3.469222E-1
22.655664	3.479203E-1
22.655665	3.490795E-1
22.655666	3.501421E-1
22.655666	3.510437E-1
22.655667	3.522029E-1
22.655668	3.532011E-1
22.655669	3.541349E-1
22.655670	3.553262E-1
22.655670	3.560024E-1
22.655671	3.572260E-1
22.655672	3.580632E-1
22.655673	3.591258E-1
22.655674	3.601562E-1
22.655674	3.609290E-1
22.655675	3.620882E-1
22.655676	3.630863E-1
22.655677	3.641167E-1
22.655678	3.647285E-1
22.655678	3.658877E-1
22.655679	3.667893E-1
22.655680	3.677553E-1
22.655681	3.687857E-1
22.655682	3.696229E-1
22.655682	3.707176E-1
22.655683	3.714260E-1
22.655684	3.724886E-1
22.655685	3.732614E-1
22.655686	3.742918E-1
22.655686	3.751290E-1
22.655687	3.760950E-1
22.655688	3.770288E-1
22.655689	3.777694E-1
22.655690	3.788319E-1
22.655690	3.799267E-1
22.655691	3.806995E-1
22.655692	3.814401E-1
22.655693	3.823739E-1
22.655694	3.833399E-1
22.655694	3.840483E-1
22.655695	3.851109E-1
22.655696	3.857227E-1
22.655697	3.868175E-1
22.655698	3.873970E-1
22.655698	3.883952E-1
22.655699	3.892324E-1
22.655700	3.901340E-1
22.655701	3.909712E-1
22.655702	3.917762E-1
22.655702	3.927422E-1
22.655703	3.932252E-1
22.655704	3.943522E-1
22.655705	3.951250E-1
22.655706	3.960588E-1
22.655706	3.967349E-1
22.655707	3.974433E-1
22.655708	3.983449E-1
22.655709	3.991821E-1
22.655710	4.000193E-1
22.655710	4.007277E-1
22.655711	4.015005E-1
22.655712	4.022411E-1
22.655713	4.031749E-1
22.655714	4.039799E-1
22.655714	4.045595E-1
22.655715	4.055577E-1
22.655716	4.063305E-1
22.655717	4.069744E-1
22.655718	4.076184E-1
22.655718	4.085522E-1
22.655719	4.092284E-1
22.655720	4.100978E-1
22.655721	4.107418E-1
22.655722	4.113858E-1
22.655722	4.122552E-1
22.655723	4.130924E-1
22.655724	4.137042E-1
22.655725	4.143804E-1
22.655726	4.150888E-1
22.655726	4.158938E-1
22.655727	4.166666E-1
22.655728	4.173750E-1
22.655729	4.178902E-1
22.655730	4.186951E-1
22.655730	4.194035E-1
22.655731	4.202729E-1
22.655732	4.208203E-1
22.655733	4.216253E-1
22.655734	4.221405E-1
22.655734	4.229133E-1
22.655735	4.237183E-1
22.655736	4.240725E-1
22.655737	4.248453E-1
22.655738	4.256181E-1
22.655738	4.262299E-1
22.655739	4.268739E-1
22.655740	4.275823E-1
22.655741	4.283229E-1
22.655742	4.290313E-1
22.655742	4.296109E-1
22.655743	4.300617E-1
22.655744	4.308345E-1
22.655745	4.316072E-1
22.655746	4.322190E-1
22.655746	4.328630E-1
22.655747	4.332816E-1
22.655748	4.339900E-1
22.655749	4.346018E-1
22.655750	4.354068E-1
22.655750	4.357610E-1
22.655751	4.364694E-1
22.655752	4.370812E-1
22.655753	4.376930E-1
22.655754	4.383692E-1
22.655754	4.388522E-1
22.655755	4.394318E-1
22.655756	4.402368E-1
22.655757	4.407842E-1
22.655758	4.412350E-1
22.655758	4.417824E-1
22.655759	4.425874E-1
22.655760	4.430704E-1
22.655761	4.436500E-1
22.655762	4.439398E-1
22.655762	4.447770E-1
22.655763	4.452600E-1
22.655764	4.459684E-1
22.655765	4.463870E-1
22.655766	4.469988E-1
22.655766	4.475139E-1
22.655767	4.480291E-1
22.655768	4.487053E-1
22.655769	4.490273E-1
22.655770	4.497035E-1
22.655770	4.502509E-1
22.655771	4.508627E-1
22.655772	4.513457E-1
22.655773	4.517965E-1
22.655774	4.523439E-1
22.655774	4.529235E-1
22.655775	4.533743E-1
22.655776	4.537607E-1
22.655777	4.543403E-1
22.655778	4.548877E-1
22.655778	4.554995E-1
22.655779	4.559181E-1
22.655780	4.563689E-1
22.655781	4.567231E-1
22.655782	4.575603E-1
22.655782	4.578179E-1
22.655783	4.583009E-1
22.655784	4.587517E-1
22.655785	4.592991E-1
22.655786	4.597499E-1
22.655786	4.602973E-1
22.655787	4.607159E-1
22.655788	4.611989E-1
22.655789	4.616819E-1
22.655790	4.621327E-1
22.655790	4.625835E-1
22.655791	4.631631E-1
22.655792	4.634851E-1
22.655793	4.640325E-1
22.655794	4.645155E-1
22.655794	4.647087E-1
22.655795	4.653527E-1
22.655796	4.657069E-1
22.655797	4.662543E-1
22.655798	4.666407E-1
22.655798	4.670593E-1
22.655799	4.675423E-1
22.655800	4.680253E-1
22.655801	4.684761E-1
22.655802	4.685405E-1
22.655802	4.691523E-1
22.655803	4.697641E-1
22.655804	4.700539E-1
22.655805	4.705368E-1
22.655806	4.708910E-1
22.655806	4.712130E-1
22.655807	4.717282E-1
22.655808	4.720502E-1
22.655809	4.723722E-1
22.655810	4.728874E-1
22.655810	4.732416E-1
22.655811	4.736602E-1
22.655812	4.740466E-1
22.655813	4.743042E-1
22.655814	4.747550E-1
22.655814	4.751092E-1
22.655815	4.756244E-1
22.655816	4.758498E-1
22.655817	4.763006E-1
22.655818	4.767514E-1
22.655818	4.771056E-1
22.655819	4.773632E-1
22.655820	4.777174E-1
22.655821	4.781038E-1
22.655822	4.784902E-1
22.655822	4.789088E-1
22.655823	4.791664E-1
22.655824	4.795206E-1
22.655825	4.799070E-1
22.655826	4.803256E-1
22.655826	4.806476E-1
22.655827	4.809052E-1
22.655828	4.811628E-1
22.655829	4.816458E-1
22.655830	4.818712E-1
22.655830	4.821610E-1
22.655831	4.825474E-1
22.655832	4.829016E-1
22.655833	4.833846E-1
22.655834	4.835456E-1
22.655834	4.838032E-1
22.655835	4.841896E-1
22.655836	4.844472E-1
22.655837	4.849946E-1
22.655838	4.851556E-1
22.655838	4.853810E-1
22.655839	4.857030E-1
22.655840	4.860894E-1
22.655841	4.864436E-1
22.655842	4.864758E-1
22.655842	4.870232E-1
22.655843	4.871842E-1
22.655844	4.875384E-1
22.655845	4.878604E-1
22.655846	4.880214E-1
22.655846	4.884078E-1
22.655847	4.886332E-1
22.655848	4.890840E-1
22.655849	4.891162E-1
22.655850	4.896314E-1
22.655850	4.897602E-1
22.655851	4.901144E-1
22.655852	4.904686E-1
22.655853	4.904364E-1
22.655854	4.907262E-1
22.655854	4.912092E-1
22.655855	4.912736E-1
22.655856	4.915956E-1
22.655857	4.917566E-1
22.655858	4.921430E-1
22.655858	4.924328E-1
22.655859	4.927870E-1
22.655860	4.928836E-1
22.655861	4.930446E-1
22.655862	4.932378E-1
22.655862	4.937530E-1
22.655863	4.938174E-1
22.655864	4.940750E-1
22.655865	4.945258E-1
22.655866	4.946868E-1
22.655866	4.949122E-1
22.655867	4.948156E-1
22.655868	4.954274E-1
22.655869	4.955240E-1
22.655870	4.958782E-1
22.655870	4.959748E-1
22.655871	4.961680E-1
22.655872	4.964900E-1
22.655873	4.966188E-1
22.655874	4.969086E-1
22.655874	4.969086E-1
22.655875	4.972306E-1
22.655876	4.975204E-1
22.655877	4.977136E-1
22.655878	4.978746E-1
22.655878	4.980356E-1
22.655879	4.984220E-1
22.655880	4.985186E-1
22.655881	4.987762E-1
22.655882	4.987762E-1
22.655882	4.990016E-1
22.655883	4.993880E-1
22.655884	4.994202E-1
22.655885	4.998710E-1
22.655886	4.996134E-1
22.655886	5.001608E-1
22.655887	5.002574E-1
22.655888	5.005472E-1
22.655889	5.004828E-1
22.655890	5.008048E-1
22.655890	5.010946E-1
22.655891	5.010946E-1
22.655892	5.014488E-1
22.655893	5.014166E-1
22.655894	5.015132E-1
22.655894	5.018352E-1
22.655895	5.021894E-1
22.655896	5.020606E-1
22.655897	5.022860E-1
22.655898	5.023826E-1
22.655898	5.027690E-1
22.655899	5.028978E-1
22.655900	5.028978E-1
22.655901	5.030910E-1
22.655902	5.032842E-1
22.655902	5.034774E-1
22.655903	5.034774E-1
22.655904	5.036384E-1
22.655905	5.037994E-1
22.655906	5.041214E-1
22.655906	5.042180E-1
22.655907	5.041858E-1
22.655908	5.044756E-1
22.655909	5.046366E-1
22.655910	5.047654E-1
22.655910	5.047976E-1
22.655911	5.049586E-1
22.655912	5.051518E-1
22.655913	5.052162E-1
22.655914	5.054094E-1
22.655914	5.054416E-1
22.655915	5.056670E-1
22.655916	5.057636E-1
22.655917	5.059890E-1
22.655918	5.060856E-1
22.655918	5.059890E-1
22.655919	5.062144E-1
22.655920	5.064076E-1
22.655921	5.066330E-1
22.655922	5.065364E-1
22.655922	5.067940E-1
22.655923	5.068906E-1
22.655924	5.071160E-1
22.655925	5.072126E-1
22.655926	5.072126E-1
22.655926	5.073092E-1
22.655927	5.074702E-1
22.655928	5.074380E-1
22.655929	5.077600E-1
22.655930	5.077278E-1
22.655930	5.078888E-1
22.655931	5.079210E-1
22.655932	5.081786E-1
22.655933	5.079532E-1
22.655934	5.083396E-1
22.655934	5.083074E-1
22.655935	5.085006E-1
22.655936	5.085328E-1
22.655937	5.085328E-1
22.655938	5.086616E-1
22.655938	5.088870E-1
22.655939	5.090480E-1
22.655940	5.088548E-1
22.655941	5.089836E-1
22.655942	5.091768E-1
22.655942	5.093700E-1
22.655943	5.093056E-1
22.655944	5.093700E-1
22.655945	5.095632E-1
22.655946	5.094988E-1
22.655946	5.097242E-1
22.655947	5.096920E-1
22.655948	5.096920E-1
22.655949	5.098530E-1
22.655950	5.100140E-1
22.655950	5.101428E-1
22.655951	5.100462E-1
22.655952	5.100784E-1
22.655953	5.102394E-1
22.655954	5.103360E-1
22.655954	5.104326E-1
22.655955	5.103360E-1
22.655956	5.105292E-1
22.655957	5.106902E-1
22.655958	5.106902E-1
22.655958	5.105292E-1
22.655959	5.108512E-1
22.655960	5.108834E-1
22.655961	5.108834E-1
22.655962	5.109478E-1
22.655962	5.109800E-1
22.655963	5.111732E-1
22.655964	5.111088E-1
22.655965	5.111732E-1
22.655966	5.110444E-1
22.655966	5.112376E-1
22.655967	5.113342E-1
22.655968	5.113986E-1
22.655969	5.113986E-1
22.655970	5.113342E-1
22.655970	5.115596E-1
22.655971	5.115918E-1
22.655972	5.115596E-1
22.655973	5.113664E-1
22.655974	5.116884E-1
22.655974	5.116562E-1
22.655975	5.117850E-1
22.655976	5.118816E-1
22.655977	5.116884E-1
22.655978	5.117850E-1
22.655978	5.120104E-1
22.655979	5.118816E-1
22.655980	5.118816E-1
22.655981	5.120104E-1
22.655982	5.120426E-1
22.655982	5.119782E-1
22.655983	5.121714E-1
22.655984	5.120426E-1
22.655985	5.122036E-1
22.655986	5.122036E-1
22.655986	5.122036E-1
22.655987	5.120426E-1
22.655988	5.122036E-1
22.655989	5.121392E-1
22.655990	5.121714E-1
22.655990	5.124290E-1
22.655991	5.121392E-1
22.655992	5.123324E-1
22.655993	5.123002E-1
22.655994	5.124290E-1
22.655994	5.122680E-1
22.655995	5.124612E-1
22.655996	5.124290E-1
22.655997	5.124934E-1
22.655998	5.125900E-1
22.655998	5.123324E-1
22.655999	5.123324E-1
22.656000	5.125578E-1
22.656001	5.123968E-1
22.656002	5.124934E-1
22.656002	5.124290E-1
22.656003	5.126544E-1
22.656004	5.126222E-1
22.656005	5.126544E-1
22.656006	5.124290E-1
22.656006	5.126222E-1
22.656007	5.126866E-1
22.656008	5.125578E-1
22.656009	5.128154E-1
22.656010	5.124290E-1
22.656010	5.126866E-1
22.656011	5.125900E-1
22.656012	5.126544E-1
22.656013	5.125256E-1
22.656014	5.125578E-1
22.656014	5.125900E-1
22.656015	5.126866E-1
22.656016	5.125900E-1
22.656017	5.124934E-1
22.656018	5.125900E-1
22.656018	5.125578E-1
22.656019	5.127510E-1
22.656020	5.125256E-1
22.656021	5.125900E-1
22.656022	5.126544E-1
22.656022	5.126222E-1
22.656023	5.126866E-1
22.656024	5.123324E-1
22.656025	5.126222E-1
22.656026	5.125578E-1
22.656026	5.125900E-1
22.656027	5.126222E-1
22.656028	5.123968E-1
22.656029	5.125578E-1
22.656030	5.124612E-1
22.656030	5.125256E-1
22.656031	5.122680E-1
22.656032	5.124290E-1
22.656033	5.124290E-1
22.656034	5.123646E-1
22.656034	5.123968E-1
22.656035	5.123324E-1
22.656036	5.123324E-1
22.656037	5.123968E-1
22.656038	5.124290E-1
22.656038	5.122680E-1
22.656039	5.123968E-1
22.656040	5.123002E-1
22.656041	5.123324E-1
22.656042	5.122358E-1
22.656042	5.123002E-1
22.656043	5.121714E-1
22.656044	5.122036E-1
22.656045	5.122680E-1
22.656046	5.121714E-1
22.656046	5.120426E-1
22.656047	5.121070E-1
22.656048	5.121714E-1
22.656049	5.121070E-1
22.656050	5.118816E-1
22.656050	5.120426E-1
22.656051	5.119782E-1
22.656052	5.119460E-1
22.656053	5.118816E-1
22.656054	5.118494E-1
22.656054	5.118494E-1
22.656055	5.119138E-1
22.656056	5.118172E-1
22.656057	5.117528E-1
22.656058	5.117850E-1
22.656058	5.117850E-1
22.656059	5.117528E-1
22.656060	5.116884E-1
22.656061	5.115596E-1
22.656062	5.115274E-1
22.656062	5.114952E-1
22.656063	5.116562E-1
22.656064	5.112698E-1
22.656065	5.114630E-1
22.656066	5.113020E-1
22.656066	5.114308E-1
22.656067	5.113664E-1
22.656068	5.111410E-1
22.656069	5.110444E-1
22.656070	5.113664E-1
22.656070	5.111732E-1
22.656071	5.111410E-1
22.656072	5.111410E-1
22.656073	5.111410E-1
22.656074	5.110444E-1
22.656074	5.110766E-1
22.656075	5.108512E-1
22.656076	5.109478E-1
22.656077	5.106902E-1
22.656078	5.109800E-1
22.656078	5.106902E-1
22.656079	5.109156E-1
22.656080	5.107868E-1
22.656081	5.108512E-1
22.656082	5.106902E-1
22.656082	5.104970E-1
22.656083	5.105292E-1
22.656084	5.105292E-1
22.656085	5.105936E-1
22.656086	5.104004E-1
22.656086	5.104326E-1
22.656087	5.104326E-1
22.656088	5.105292E-1
22.656089	5.104004E-1
22.656090	5.101750E-1
22.656090	5.101106E-1
22.656091	5.101750E-1
22.656092	5.101750E-1
22.656093	5.100140E-1
22.656094	5.100140E-1
22.656094	5.099818E-1
22.656095	5.099496E-1
22.656096	5.098530E-1
22.656097	5.096276E-1
22.656098	5.097886E-1
22.656098	5.097886E-1
22.656099	5.096920E-1
22.656100	5.095954E-1
22.656101	5.094988E-1
22.656102	5.095632E-1
22.656102	5.095310E-1
22.656103	5.095310E-1
22.656104	5.092412E-1
22.656105	5.093056E-1
22.656106	5.093378E-1
22.656106	5.093056E-1
22.656107	5.091768E-1
22.656108	5.091124E-1
22.656109	5.090158E-1
22.656110	5.090802E-1
22.656110	5.090158E-1
22.656111	5.088548E-1
22.656112	5.089192E-1
22.656113	5.089514E-1
22.656114	5.088226E-1
22.656114	5.087904E-1
22.656115	5.085328E-1
22.656116	5.086294E-1
22.656117	5.085328E-1
22.656118	5.085650E-1
22.656118	5.083396E-1
22.656119	5.084684E-1
22.656120	5.083074E-1
22.656121	5.084684E-1
22.656122	5.082108E-1
22.656122	5.080820E-1
22.656123	5.080820E-1
22.656124	5.081142E-1
22.656125	5.080820E-1
22.656126	5.078566E-1
22.656126	5.078244E-1
22.656127	5.077278E-1
22.656128	5.078566E-1
22.656129	5.079532E-1
22.656130	5.074380E-1
22.656130	5.076312E-1
22.656131	5.076956E-1
22.656132	5.075668E-1
22.656133	5.074380E-1
22.656134	5.073414E-1
22.656134	5.073414E-1
22.656135	5.073736E-1
22.656136	5.073092E-1
22.656137	5.071160E-1
22.656138	5.070838E-1
22.656138	5.071160E-1
22.656139	5.071482E-1
22.656140	5.068262E-1
22.656141	5.067940E-1
22.656142	5.068262E-1
22.656142	5.068262E-1
22.656143	5.067296E-1
22.656144	5.066330E-1
22.656145	5.065042E-1
22.656146	5.065364E-1
22.656146	5.064076E-1
22.656147	5.063754E-1
22.656148	5.062788E-1
22.656149	5.062144E-1
22.656150	5.062466E-1
22.656150	5.062144E-1
22.656151	5.061500E-1
22.656152	5.060534E-1
22.656153	5.060212E-1
22.656154	5.060534E-1
22.656154	5.059890E-1
22.656155	5.057958E-1
22.656156	5.058280E-1
22.656157	5.057636E-1
22.656158	5.057636E-1
22.656158	5.055382E-1
22.656159	5.055060E-1
22.656160	5.054416E-1
22.656161	5.054738E-1
22.656162	5.055060E-1
22.656162	5.050874E-1
22.656163	5.052162E-1
22.656164	5.052806E-1
22.656165	5.051518E-1
22.656166	5.051518E-1
22.656166	5.048620E-1
22.656167	5.049908E-1
22.656168	5.048620E-1
22.656169	5.049586E-1
22.656170	5.047332E-1
22.656170	5.048298E-1
22.656171	5.047332E-1
22.656172	5.046366E-1
22.656173	5.044434E-1
22.656174	5.043790E-1
22.656174	5.044756E-1
22.656175	5.044112E-1
22.656176	5.044434E-1
22.656177	5.040892E-1
22.656178	5.041858E-1
22.656178	5.040570E-1
22.656179	5.041858E-1
22.656180	5.040892E-1
22.656181	5.037350E-1
22.656182	5.038316E-1
22.656182	5.037994E-1
22.656183	5.038316E-1
22.656184	5.036384E-1
22.656185	5.036062E-1
22.656186	5.036062E-1
22.656186	5.034130E-1
22.656187	5.035096E-1
22.656188	5.032198E-1
22.656189	5.033164E-1
22.656190	5.033486E-1
22.656190	5.032842E-1
22.656191	5.031232E-1
22.656192	5.030588E-1
22.656193	5.029622E-1
22.656194	5.030588E-1
22.656194	5.028978E-1
22.656195	5.027046E-1
22.656196	5.026724E-1
22.656197	5.027368E-1
22.656198	5.026402E-1
22.656198	5.025436E-1
22.656199	5.023182E-1
22.656200	5.025114E-1
22.656201	5.023182E-1
22.656202	5.024148E-1
22.656202	5.021250E-1
22.656203	5.022216E-1
22.656204	5.020284E-1
22.656205	5.021250E-1
22.656206	5.020284E-1
22.656206	5.017708E-1
22.656207	5.020284E-1
22.656208	5.018674E-1
22.656209	5.019962E-1
22.656210	5.015454E-1
22.656210	5.015776E-1
22.656211	5.015776E-1
22.656212	5.016098E-1
22.656213	5.015132E-1
22.656214	5.012556E-1
22.656214	5.014488E-1
22.656215	5.012556E-1
22.656216	5.012878E-1
22.656217	5.009980E-1
22.656218	5.010624E-1
22.656218	5.010946E-1
22.656219	5.009336E-1
22.656220	5.009658E-1
22.656221	5.005794E-1
22.656222	5.008048E-1
22.656222	5.007082E-1
22.656223	5.007082E-1
22.656224	5.006116E-1
22.656225	5.005150E-1
22.656226	5.006116E-1
22.656226	5.004184E-1
22.656227	5.004184E-1
22.656228	5.001930E-1
22.656229	5.003540E-1
22.656230	5.002574E-1
22.656230	5.002574E-1
22.656231	5.000964E-1
22.656232	5.000320E-1
22.656233	5.000320E-1
22.656234	5.000642E-1
22.656234	4.999676E-1
22.656235	4.997422E-1
22.656236	4.996456E-1
22.656237	4.997422E-1
22.656238	4.997100E-1
22.656238	4.997100E-1
22.656239	4.993880E-1
22.656240	4.995168E-1
22.656241	4.993558E-1
22.656242	4.992914E-1
22.656242	4.991304E-1
22.656243	4.991304E-1
22.656244	4.991304E-1
22.656245	4.990982E-1
22.656246	4.991948E-1
22.656246	4.990016E-1
22.656247	4.988728E-1
22.656248	4.989050E-1
22.656249	4.988084E-1
22.656250	4.987440E-1
22.656250	4.986152E-1
22.656251	4.986474E-1
22.656252	4.985830E-1
22.656253	4.985508E-1
22.656254	4.983576E-1
22.656254	4.983254E-1
22.656255	4.982932E-1
22.656256	4.982932E-1
22.656257	4.981644E-1
22.656258	4.981000E-1
22.656258	4.981322E-1
22.656259	4.980678E-1
22.656260	4.980678E-1
22.656261	4.977780E-1
22.656262	4.978424E-1
22.656262	4.978102E-1
22.656263	4.979390E-1
22.656264	4.976814E-1
22.656265	4.975848E-1
22.656266	4.975526E-1
22.656266	4.976492E-1
22.656267	4.975526E-1
22.656268	4.972950E-1
22.656269	4.972950E-1
22.656270	4.972628E-1
22.656270	4.973272E-1
22.656271	4.972306E-1
22.656272	4.970696E-1
22.656273	4.970696E-1
22.656274	4.969408E-1
22.656274	4.969408E-1
22.656275	4.968764E-1
22.656276	4.967798E-1
22.656277	4.968120E-1
22.656278	4.967476E-1
22.656278	4.967476E-1
22.656279	4.964578E-1
22.656280	4.965866E-1
22.656281	4.965866E-1
22.656282	4.964578E-1
22.656282	4.962324E-1
22.656283	4.963290E-1
22.656284	4.962002E-1
22.656285	4.963290E-1
22.656286	4.960714E-1
22.656286	4.962002E-1
22.656287	4.961358E-1
22.656288	4.960714E-1
22.656289	4.961036E-1
22.656290	4.959104E-1
22.656290	4.957172E-1
22.656291	4.957816E-1
22.656292	4.957816E-1
22.656293	4.958460E-1
22.656294	4.954918E-1
22.656294	4.956528E-1
22.656295	4.955240E-1
22.656296	4.955562E-1
22.656297	4.955884E-1
22.656298	4.953952E-1
22.656298	4.952986E-1
22.656299	4.952664E-1
22.656300	4.954274E-1
22.656301	4.951054E-1
22.656302	4.950732E-1
22.656302	4.951376E-1
22.656303	4.951698E-1
22.656304	4.950732E-1
22.656305	4.949122E-1
22.656306	4.948478E-1
22.656306	4.949122E-1
22.656307	4.948478E-1
22.656308	4.946224E-1
22.656309	4.947512E-1
22.656310	4.946546E-1
22.656310	4.947512E-1
22.656311	4.946546E-1
22.656312	4.944614E-1
22.656313	4.943970E-1
22.656314	4.945258E-1
22.656314	4.944614E-1
22.656315	4.942360E-1
22.656316	4.943970E-1
22.656317	4.942682E-1
22.656318	4.942682E-1
22.656318	4.941394E-1
22.656319	4.940428E-1
22.656320	4.938818E-1
22.656321	4.939784E-1
22.656322	4.939462E-1
22.656322	4.937852E-1
22.656323	4.937852E-1
22.656324	4.938496E-1
22.656325	4.937852E-1
22.656326	4.937530E-1
22.656326	4.934954E-1
22.656327	4.936564E-1
22.656328	4.935920E-1
22.656329	4.936242E-1
22.656330	4.933988E-1
22.656330	4.933988E-1
22.656331	4.934632E-1
22.656332	4.932378E-1
22.656333	4.933666E-1
22.656334	4.930768E-1
22.656334	4.931412E-1
22.656335	4.931412E-1
22.656336	4.930768E-1
22.656337	4.930446E-1
22.656338	4.929158E-1
22.656338	4.928836E-1
22.656339	4.928836E-1
22.656340	4.929802E-1
22.656341	4.926582E-1
22.656342	4.927548E-1
22.656342	4.926260E-1
22.656343	4.927548E-1
22.656344	4.926582E-1
22.656345	4.924328E-1
22.656346	4.924972E-1
22.656346	4.924006E-1
22.656347	4.924650E-1
22.656348	4.922396E-1
22.656349	4.923040E-1
22.656350	4.922718E-1
22.656350	4.922396E-1
22.656351	4.922396E-1
22.656352	4.919176E-1
22.656353	4.921430E-1
22.656354	4.920142E-1
22.656354	4.921108E-1
22.656355	4.918210E-1
22.656356	4.918854E-1
22.656357	4.919176E-1
22.656358	4.919498E-1
22.656358	4.918210E-1
22.656359	4.916922E-1
22.656360	4.916278E-1
22.656361	4.917888E-1
22.656362	4.917244E-1
22.656362	4.915634E-1
22.656363	4.914990E-1
22.656364	4.915634E-1
22.656365	4.914668E-1
22.656366	4.914024E-1
22.656366	4.913380E-1
22.656367	4.914668E-1
22.656368	4.913058E-1
22.656369	4.912414E-1
22.656370	4.912736E-1
22.656370	4.910804E-1
22.656371	4.912414E-1
22.656372	4.912092E-1
22.656373	4.912414E-1
22.656374	4.909194E-1
22.656374	4.909194E-1
22.656375	4.909516E-1
22.656376	4.909194E-1
22.656377	4.909194E-1
22.656378	4.906296E-1
22.656378	4.907906E-1
22.656379	4.908550E-1
22.656380	4.907906E-1
22.656381	4.906296E-1
22.656382	4.906296E-1
22.656382	4.906618E-1
22.656383	4.906618E-1
22.656384	4.905652E-1
22.656385	4.904686E-1
22.656386	4.904042E-1
22.656386	4.905008E-1
22.656387	4.903720E-1
22.656388	4.903398E-1
22.656389	4.901788E-1
22.656390	4.901788E-1
22.656390	4.901466E-1
22.656391	4.902110E-1
22.656392	4.900178E-1
22.656393	4.901144E-1
22.656394	4.900178E-1
22.656394	4.900178E-1
22.656395	4.899856E-1
22.656396	4.898890E-1
22.656397	4.899534E-1
22.656398	4.899856E-1
22.656398	4.900822E-1
22.656399	4.896314E-1
22.656400	4.898568E-1
22.656401	4.897924E-1
22.656402	4.897602E-1
22.656402	4.896636E-1
22.656403	4.895670E-1
22.656404	4.895348E-1
22.656405	4.896636E-1
22.656406	4.895992E-1
22.656406	4.893738E-1
22.656407	4.893738E-1
22.656408	4.894060E-1
22.656409	4.894382E-1
22.656410	4.893738E-1
22.656410	4.893094E-1
22.656411	4.893416E-1
22.656412	4.892772E-1
22.656413	4.892450E-1
22.656414	4.891806E-1
22.656414	4.891162E-1
22.656415	4.891162E-1
22.656416	4.890840E-1
22.656417	4.891162E-1
22.656418	4.888586E-1
22.656418	4.890518E-1
22.656419	4.889874E-1
22.656420	4.891484E-1
22.656421	4.889552E-1
22.656422	4.888264E-1
22.656422	4.888586E-1
22.656423	4.887942E-1
22.656424	4.889230E-1
22.656425	4.884400E-1
22.656426	4.887620E-1
22.656426	4.886332E-1
22.656427	4.886976E-1
22.656428	4.886010E-1
22.656429	4.886010E-1
22.656430	4.885366E-1
22.656430	4.886010E-1
22.656431	4.885688E-1
22.656432	4.884400E-1
22.656433	4.884722E-1
22.656434	4.883112E-1
22.656434	4.883112E-1
22.656435	4.883756E-1
22.656436	4.881824E-1
22.656437	4.884400E-1
22.656438	4.883434E-1
22.656438	4.881824E-1
22.656439	4.880536E-1
22.656440	4.880858E-1
22.656441	4.881502E-1
22.656442	4.881180E-1
22.656442	4.881824E-1
22.656443	4.879248E-1
22.656444	4.881180E-1
22.656445	4.879248E-1
22.656446	4.879570E-1
22.656446	4.879570E-1
22.656447	4.879248E-1
22.656448	4.879570E-1
22.656449	4.879570E-1
22.656450	4.878604E-1
22.656450	4.875706E-1
22.656451	4.878282E-1
22.656452	4.877316E-1
22.656453	4.877316E-1
22.656454	4.876994E-1
22.656454	4.875706E-1
22.656455	4.875706E-1
22.656456	4.876350E-1
22.656457	4.876028E-1
22.656458	4.874740E-1
22.656458	4.876672E-1
22.656459	4.874418E-1
22.656460	4.875384E-1
22.656461	4.875706E-1
22.656462	4.873774E-1
22.656462	4.873452E-1
22.656463	4.874418E-1
22.656464	4.873452E-1
22.656465	4.872808E-1
22.656466	4.872808E-1
22.656466	4.872164E-1
22.656467	4.872808E-1
22.656468	4.872486E-1
22.656469	4.870876E-1
22.656470	4.872486E-1
22.656470	4.871842E-1
22.656471	4.871842E-1
22.656472	4.870876E-1
22.656473	4.872164E-1
22.656474	4.870876E-1
22.656474	4.871198E-1
22.656475	4.870554E-1
22.656476	4.868944E-1
22.656477	4.869588E-1
22.656478	4.869588E-1
22.656478	4.870232E-1
22.656479	4.867978E-1
22.656480	4.868622E-1
22.656481	4.866690E-1
22.656482	4.868300E-1
22.656482	4.867978E-1
22.656483	4.865724E-1
22.656484	4.868300E-1
22.656485	4.867334E-1
22.656486	4.866368E-1
22.656486	4.866690E-1
22.656487	4.866690E-1
22.656488	4.866046E-1
22.656489	4.866368E-1
22.656490	4.866046E-1
22.656490	4.864758E-1
22.656491	4.864436E-1
22.656492	4.866046E-1
22.656493	4.865080E-1
22.656494	4.865402E-1
22.656494	4.862826E-1
22.656495	4.864758E-1
22.656496	4.863148E-1
22.656497	4.864758E-1
22.656498	4.862504E-1
22.656498	4.863148E-1
22.656499	4.862504E-1
22.656500	4.865080E-1
22.656501	4.862826E-1
22.656502	4.861538E-1
22.656502	4.862182E-1
22.656503	4.862826E-1
22.656504	4.862182E-1
22.656505	4.860894E-1
22.656506	4.861538E-1
22.656506	4.860894E-1
22.656507	4.861860E-1
22.656508	4.861538E-1
22.656509	4.860894E-1
22.656510	4.860894E-1
22.656510	4.862182E-1
22.656511	4.861216E-1
22.656512	4.859606E-1
22.656513	4.859284E-1
22.656514	4.859928E-1
22.656514	4.860250E-1
22.656515	4.859606E-1
22.656516	4.858640E-1
22.656517	4.858962E-1
22.656518	4.859284E-1
22.656518	4.860250E-1
22.656519	4.858318E-1
22.656520	4.858640E-1
22.656521	4.857996E-1
22.656522	4.857352E-1
22.656522	4.859284E-1
22.656523	4.856064E-1
22.656524	4.857674E-1
22.656525	4.857030E-1
22.656526	4.858962E-1
22.656526	4.857352E-1
22.656527	4.856386E-1
22.656528	4.856386E-1
22.656529	4.857674E-1
22.656530	4.857030E-1
22.656530	4.854776E-1
22.656531	4.855742E-1
22.656532	4.856386E-1
22.656533	4.856064E-1
22.656534	4.856064E-1
22.656534	4.854454E-1
22.656535	4.855420E-1
22.656536	4.854776E-1
22.656537	4.856386E-1
22.656538	4.854776E-1
22.656538	4.854776E-1
22.656539	4.854454E-1
22.656540	4.854132E-1
22.656541	4.855098E-1
22.656542	4.852844E-1
22.656542	4.853488E-1
22.656543	4.854132E-1
22.656544	4.853488E-1
22.656545	4.852844E-1
22.656546	4.854776E-1
22.656546	4.852522E-1
22.656547	4.852844E-1
22.656548	4.852844E-1
22.656549	4.851234E-1
22.656550	4.852522E-1
22.656550	4.852200E-1
22.656551	4.852844E-1
22.656552	4.851556E-1
22.656553	4.852200E-1
22.656554	4.850268E-1
22.656554	4.852844E-1
22.656555	4.852200E-1
22.656556	4.850268E-1
22.656557	4.850590E-1
22.656558	4.852200E-1
22.656558	4.852522E-1
22.656559	4.851234E-1
22.656560	4.849946E-1
22.656561	4.850590E-1
22.656562	4.851556E-1
22.656562	4.851234E-1
22.656563	4.848658E-1
22.656564	4.849946E-1
22.656565	4.849946E-1
22.656566	4.849946E-1
22.656566	4.850268E-1
22.656567	4.848658E-1
22.656568	4.849624E-1
22.656569	4.849946E-1
22.656570	4.850590E-1
22.656570	4.847370E-1
22.656571	4.849946E-1
22.656572	4.847370E-1
22.656573	4.849624E-1
22.656574	4.848980E-1
22.656574	4.846726E-1
22.656575	4.848336E-1
22.656576	4.848014E-1
22.656577	4.847048E-1
22.656578	4.847048E-1
22.656578	4.847370E-1
22.656579	4.848014E-1
22.656580	4.848658E-1
22.656581	4.848658E-1
22.656582	4.847048E-1
22.656582	4.848658E-1
22.656583	4.846726E-1
22.656584	4.847370E-1
22.656585	4.848014E-1
22.656586	4.846726E-1
22.656586	4.845760E-1
22.656587	4.846726E-1
22.656588	4.847692E-1
22.656589	4.845116E-1
22.656590	4.846404E-1
22.656590	4.847048E-1
22.656591	4.846082E-1
22.656592	4.847048E-1
22.656593	4.845438E-1
22.656594	4.846082E-1
22.656594	4.847048E-1
22.656595	4.846404E-1
22.656596	4.843506E-1
22.656597	4.845760E-1
22.656598	4.844472E-1
22.656598	4.845760E-1
22.656599	4.846082E-1
22.656600	4.842862E-1
22.656601	4.844472E-1
22.656602	4.845116E-1
22.656602	4.845116E-1
22.656603	4.842862E-1
22.656604	4.844472E-1
22.656605	4.845438E-1
22.656606	4.844150E-1
22.656606	4.845116E-1
22.656607	4.843506E-1
22.656608	4.844794E-1
22.656609	4.844794E-1
22.656610	4.843184E-1
22.656610	4.843184E-1
22.656611	4.843184E-1
22.656612	4.843828E-1
22.656613	4.843184E-1
22.656614	4.845116E-1
22.656614	4.841252E-1
22.656615	4.843184E-1
22.656616	4.843828E-1
22.656617	4.843828E-1
22.656618	4.843506E-1
22.656618	4.842540E-1
22.656619	4.842540E-1
22.656620	4.842540E-1
22.656621	4.845116E-1
22.656622	4.841574E-1
22.656622	4.842540E-1
22.656623	4.842862E-1
22.656624	4.843506E-1
22.656625	4.842540E-1
22.656626	4.841896E-1
22.656626	4.841252E-1
22.656627	4.842218E-1
22.656628	4.842540E-1
22.656629	4.839320E-1
22.656630	4.842540E-1
22.656630	4.841252E-1
22.656631	4.840930E-1
22.656632	4.841896E-1
22.656633	4.840608E-1
22.656634	4.840930E-1
22.656634	4.840608E-1
22.656635	4.841574E-1
22.656636	4.840286E-1
22.656637	4.841574E-1
22.656638	4.840930E-1
22.656638	4.841574E-1
22.656639	4.841896E-1
22.656640	4.839320E-1
22.656641	4.840930E-1
22.656642	4.840286E-1
22.656642	4.841574E-1
22.656643	4.838998E-1
22.656644	4.840608E-1
22.656645	4.839964E-1
22.656646	4.842218E-1
22.656646	4.841252E-1
22.656647	4.838676E-1
22.656648	4.840608E-1
22.656649	4.840286E-1
22.656650	4.841574E-1
22.656650	4.839964E-1
22.656651	4.841252E-1
22.656652	4.841574E-1
22.656653	4.840286E-1
22.656654	4.840930E-1
22.656654	4.838676E-1
22.656655	4.840608E-1
22.656656	4.839964E-1
22.656657	4.840930E-1
22.656658	4.840286E-1
22.656658	4.838998E-1
22.656659	4.839964E-1
22.656660	4.841252E-1
22.656661	4.841896E-1
22.656662	4.838354E-1
22.656662	4.839964E-1
22.656663	4.839964E-1
22.656664	4.839642E-1
22.656665	4.839964E-1
22.656666	4.838998E-1
22.656666	4.839320E-1
22.656667	4.838998E-1
22.656668	4.839320E-1
22.656669	4.837388E-1
22.656670	4.839964E-1
22.656670	4.839320E-1
22.656671	4.840608E-1
22.656672	4.839642E-1
22.656673	4.838032E-1
22.656674	4.838998E-1
22.656674	4.838032E-1
22.656675	4.838998E-1
22.656676	4.838354E-1
22.656677	4.839642E-1
22.656678	4.838998E-1
22.656678	4.839320E-1
22.656679	4.838676E-1
22.656680	4.838032E-1
22.656681	4.838998E-1
22.656682	4.838676E-1
22.656682	4.839320E-1
22.656683	4.838998E-1
22.656684	4.839642E-1
22.656685	4.838032E-1
22.656686	4.838998E-1
22.656686	4.838998E-1
22.656687	4.836744E-1
22.656688	4.838354E-1
22.656689	4.839320E-1
22.656690	4.838998E-1
22.656690	4.837710E-1
22.656691	4.837388E-1
22.656692	4.838354E-1
22.656693	4.838354E-1
22.656694	4.838676E-1
22.656694	4.837388E-1
22.656695	4.838032E-1
22.656696	4.836744E-1
22.656697	4.838998E-1
22.656698	4.838354E-1
22.656698	4.836744E-1
22.656699	4.837388E-1
22.656700	4.837066E-1
22.656701	4.838676E-1
22.656702	4.837710E-1
22.656702	4.837388E-1
22.656703	4.837710E-1
22.656704	4.838676E-1
22.656705	4.837388E-1
22.656706	4.836422E-1
22.656706	4.837066E-1
22.656707	4.837388E-1
22.656708	4.838032E-1
22.656709	4.837388E-1
22.656710	4.837066E-1
22.656710	4.838354E-1
22.656711	4.836744E-1
22.656712	4.838032E-1
22.656713	4.836100E-1
22.656714	4.837710E-1
22.656714	4.838032E-1
22.656715	4.838354E-1
22.656716	4.835778E-1
22.656717	4.837710E-1
22.656718	4.837066E-1
22.656718	4.836744E-1
22.656719	4.838676E-1
22.656720	4.835456E-1
22.656721	4.837388E-1
22.656722	4.837388E-1
22.656722	4.837066E-1
22.656723	4.837388E-1
22.656724	4.837066E-1
22.656725	4.836744E-1
22.656726	4.838354E-1
22.656726	4.838354E-1
22.656727	4.835778E-1
22.656728	4.837388E-1
22.656729	4.836744E-1
22.656730	4.836744E-1
22.656730	4.837388E-1
22.656731	4.836744E-1
22.656732	4.837710E-1
22.656733	4.836744E-1
22.656734	4.837066E-1
22.656734	4.836744E-1
22.656735	4.837066E-1
22.656736	4.837710E-1
22.656737	4.838676E-1
22.656738	4.837066E-1
22.656738	4.835778E-1
22.656739	4.837066E-1
22.656740	4.836744E-1
22.656741	4.838032E-1
22.656742	4.836100E-1
22.656742	4.836744E-1
22.656743	4.836422E-1
22.656744	4.837388E-1
22.656745	4.838032E-1
22.656746	4.834812E-1
22.656746	4.836422E-1
22.656747	4.837710E-1
22.656748	4.836744E-1
22.656749	4.836744E-1
22.656750	4.836744E-1
22.656750	4.836100E-1
22.656751	4.838032E-1
22.656752	4.838032E-1
22.656753	4.834812E-1
22.656754	4.837066E-1
22.656754	4.837388E-1
22.656755	4.836422E-1
22.656756	4.836422E-1
22.656757	4.836422E-1
22.656758	4.837066E-1
22.656758	4.837388E-1
22.656759	4.837388E-1
22.656760	4.836100E-1
22.656761	4.836100E-1
22.656762	4.837388E-1
22.656762	4.837066E-1
22.656763	4.838354E-1
22.656764	4.835778E-1
22.656765	4.837388E-1
22.656766	4.837388E-1
22.656766	4.837388E-1
22.656767	4.834490E-1
22.656768	4.837388E-1
22.656769	4.836100E-1
22.656770	4.837388E-1
22.656770	4.837710E-1
22.656771	4.836100E-1
22.656772	4.836744E-1
22.656773	4.837710E-1
22.656774	4.837066E-1
22.656774	4.836744E-1
22.656775	4.836744E-1
22.656776	4.837388E-1
22.656777	4.838032E-1
22.656778	4.837388E-1
22.656778	4.835778E-1
22.656779	4.835778E-1
22.656780	4.838354E-1
22.656781	4.837066E-1
22.656782	4.836100E-1
22.656782	4.835456E-1
22.656783	4.836100E-1
22.656784	4.837710E-1
22.656785	4.836744E-1
22.656786	4.834168E-1
22.656786	4.837066E-1
22.656787	4.836422E-1
22.656788	4.838032E-1
22.656789	4.836100E-1
22.656790	4.837388E-1
22.656790	4.836744E-1
22.656791	4.836744E-1
22.656792	4.837388E-1
22.656793	4.835778E-1
22.656794	4.838032E-1
22.656794	4.836744E-1
22.656795	4.838032E-1
22.656796	4.836422E-1
22.656797	4.835134E-1
22.656798	4.836422E-1
22.656798	4.837710E-1
22.656799	4.837066E-1
22.656800	4.835778E-1
22.656801	4.836422E-1
22.656802	4.836422E-1
22.656802	4.836744E-1
22.656803	4.836100E-1
22.656804	4.835778E-1
22.656805	4.836744E-1
22.656806	4.837388E-1
22.656806	4.837388E-1
22.656807	4.836422E-1
22.656808	4.837066E-1
22.656809	4.837388E-1
22.656810	4.837710E-1
22.656810	4.837066E-1
22.656811	4.836100E-1
22.656812	4.836100E-1
22.656813	4.837388E-1
22.656814	4.838998E-1
22.656814	4.836422E-1
22.656815	4.837066E-1
22.656816	4.837066E-1
22.656817	4.838032E-1
22.656818	4.837710E-1
22.656818	4.835778E-1
22.656819	4.837066E-1
22.656820	4.837388E-1
22.656821	4.837710E-1
22.656822	4.837388E-1
22.656822	4.837710E-1
22.656823	4.836100E-1
22.656824	4.837388E-1
22.656825	4.838676E-1
22.656826	4.835778E-1
22.656826	4.838032E-1
22.656827	4.836744E-1
22.656828	4.838032E-1
22.656829	4.838354E-1
22.656830	4.837066E-1
22.656830	4.836100E-1
22.656831	4.838032E-1
22.656832	4.837710E-1
22.656833	4.837066E-1
22.656834	4.838354E-1
22.656834	4.838032E-1
22.656835	4.838354E-1
22.656836	4.838032E-1
22.656837	4.836100E-1
22.656838	4.838032E-1
22.656838	4.837710E-1
22.656839	4.838354E-1
22.656840	4.837710E-1
22.656841	4.838032E-1
22.656842	4.837710E-1
22.656842	4.838032E-1
22.656843	4.837066E-1
22.656844	4.836100E-1
22.656845	4.837388E-1
22.656846	4.838032E-1
22.656846	4.837710E-1
22.656847	4.838676E-1
22.656848	4.837388E-1
22.656849	4.836744E-1
22.656850	4.838998E-1
22.656850	4.838998E-1
22.656851	4.835456E-1
22.656852	4.837066E-1
22.656853	4.837388E-1
22.656854	4.838998E-1
22.656854	4.837388E-1
22.656855	4.836422E-1
22.656856	4.838998E-1
22.656857	4.837710E-1
22.656858	4.839320E-1
22.656858	4.836100E-1
22.656859	4.838354E-1
22.656860	4.837388E-1
22.656861	4.837710E-1
22.656862	4.838354E-1
22.656862	4.838032E-1
22.656863	4.838354E-1
22.656864	4.837710E-1
22.656865	4.838676E-1
22.656866	4.837388E-1
22.656866	4.838354E-1
22.656867	4.838354E-1
22.656868	4.838998E-1
22.656869	4.838354E-1
22.656870	4.838032E-1
22.656870	4.837388E-1
22.656871	4.838354E-1
22.656872	4.839320E-1
22.656873	4.836744E-1
22.656874	4.838354E-1
22.656874	4.838676E-1
22.656875	4.838354E-1
22.656876	4.838998E-1
22.656877	4.836744E-1
22.656878	4.838998E-1
22.656878	4.839320E-1
22.656879	4.838354E-1
22.656880	4.838676E-1
22.656881	4.837388E-1
22.656882	4.838998E-1
22.656882	4.838354E-1
22.656883	4.839320E-1
22.656884	4.837066E-1
22.656885	4.838354E-1
22.656886	4.839320E-1
22.656886	4.838032E-1
22.656887	4.838998E-1
22.656888	4.838998E-1
22.656889	4.838032E-1
22.656890	4.839642E-1
22.656890	4.838354E-1
22.656891	4.837066E-1
22.656892	4.839964E-1
22.656893	4.838354E-1
22.656894	4.838998E-1
22.656894	4.838354E-1
22.656895	4.838032E-1
22.656896	4.838676E-1
22.656897	4.839964E-1
22.656898	4.839642E-1
22.656898	4.838676E-1
22.656899	4.838354E-1
22.656900	4.840608E-1
22.656901	4.839964E-1
22.656902	4.840286E-1
22.656902	4.838354E-1
22.656903	4.837388E-1
22.656904	4.839320E-1
22.656905	4.839964E-1
22.656906	4.838676E-1
22.656906	4.839642E-1
22.656907	4.838354E-1
22.656908	4.840930E-1
22.656909	4.839642E-1
22.656910	4.837388E-1
22.656910	4.839642E-1
22.656911	4.839320E-1
22.656912	4.840608E-1
22.656913	4.839964E-1
22.656914	4.839320E-1
22.656914	4.840608E-1
22.656915	4.840608E-1
22.656916	4.839642E-1
22.656917	4.838354E-1
22.656918	4.840286E-1
22.656918	4.840286E-1
22.656919	4.840930E-1
22.656920	4.840930E-1
22.656921	4.839320E-1
22.656922	4.838676E-1
22.656922	4.840286E-1
22.656923	4.839964E-1
22.656924	4.838354E-1
22.656925	4.839320E-1
22.656926	4.840608E-1
22.656926	4.838998E-1
22.656927	4.839320E-1
22.656928	4.837066E-1
22.656929	4.839320E-1
22.656930	4.839642E-1
22.656930	4.840930E-1
22.656931	4.836744E-1
22.656932	4.839642E-1
22.656933	4.839320E-1
22.656934	4.840286E-1
22.656934	4.840608E-1
22.656935	4.839964E-1
22.656936	4.839320E-1
22.656937	4.840286E-1
22.656938	4.840608E-1
22.656938	4.840608E-1
22.656939	4.841252E-1
22.656940	4.839964E-1
22.656941	4.840930E-1
22.656942	4.841896E-1
22.656942	4.839320E-1
22.656943	4.840930E-1
22.656944	4.839964E-1
22.656945	4.841574E-1
22.656946	4.840286E-1
22.656946	4.841574E-1
22.656947	4.840286E-1
22.656948	4.841574E-1
22.656949	4.841252E-1
22.656950	4.841252E-1
22.656950	4.840608E-1
22.656951	4.841896E-1
22.656952	4.840608E-1
22.656953	4.840930E-1
22.656954	4.840930E-1
22.656954	4.841574E-1
22.656955	4.841252E-1
22.656956	4.842862E-1
22.656957	4.839320E-1
22.656958	4.840608E-1
22.656958	4.840608E-1
22.656959	4.841574E-1
22.656960	4.841896E-1
22.656961	4.840286E-1
22.656962	4.840930E-1
22.656962	4.841574E-1
22.656963	4.841574E-1
22.656964	4.839320E-1
22.656965	4.840930E-1
22.656966	4.841574E-1
22.656966	4.841896E-1
22.656967	4.841896E-1
22.656968	4.840608E-1
22.656969	4.840930E-1
22.656970	4.841574E-1
22.656970	4.842218E-1
22.656971	4.840286E-1
22.656972	4.841574E-1
22.656973	4.839964E-1
22.656974	4.842218E-1
22.656974	4.840930E-1
22.656975	4.840930E-1
22.656976	4.841574E-1
22.656977	4.842540E-1
22.656978	4.843506E-1
22.656978	4.842540E-1
22.656979	4.841252E-1
22.656980	4.840930E-1
22.656981	4.843184E-1
22.656982	4.843506E-1
22.656982	4.840930E-1
22.656983	4.842218E-1
22.656984	4.842862E-1
22.656985	4.842218E-1
22.656986	4.842218E-1
22.656986	4.841896E-1
22.656987	4.842540E-1
22.656988	4.842218E-1
22.656989	4.842862E-1
22.656990	4.840608E-1
22.656990	4.842862E-1
22.656991	4.842218E-1
22.656992	4.843184E-1
22.656993	4.842540E-1
22.656994	4.842540E-1
22.656994	4.842218E-1
22.656995	4.842862E-1
22.656996	4.842540E-1
22.656997	4.841252E-1
22.656998	4.841574E-1
22.656998	4.841896E-1
22.656999	4.841574E-1
22.657000	4.843506E-1
22.657001	4.842862E-1
22.657002	4.842540E-1
22.657002	4.842218E-1
22.657003	4.843506E-1
22.657004	4.842540E-1
22.657005	4.842862E-1
22.657006	4.842218E-1
22.657006	4.843828E-1
22.657007	4.843184E-1
22.657008	4.841252E-1
22.657009	4.843828E-1
22.657010	4.843184E-1
22.657010	4.844150E-1
22.657011	4.842218E-1
22.657012	4.843184E-1
22.657013	4.843828E-1
22.657014	4.843506E-1
22.657014	4.843828E-1
22.657015	4.843184E-1
22.657016	4.844472E-1
22.657017	4.842862E-1
22.657018	4.844150E-1
22.657018	4.843184E-1
22.657019	4.842540E-1
22.657020	4.843184E-1
22.657021	4.843828E-1
22.657022	4.843828E-1
22.657022	4.841896E-1
22.657023	4.843828E-1
22.657024	4.844472E-1
22.657025	4.843506E-1
22.657026	4.843828E-1
22.657026	4.842862E-1
22.657027	4.842862E-1
22.657028	4.844150E-1
22.657029	4.843506E-1
22.657030	4.843184E-1
22.657030	4.843828E-1
22.657031	4.843828E-1
22.657032	4.844150E-1
22.657033	4.844472E-1
22.657034	4.842862E-1
22.657034	4.843828E-1
22.657035	4.844794E-1
22.657036	4.844472E-1
22.657037	4.844794E-1
22.657038	4.845116E-1
22.657038	4.843506E-1
22.657039	4.844472E-1
22.657040	4.844472E-1
22.657041	4.842540E-1
22.657042	4.845116E-1
22.657042	4.844472E-1
22.657043	4.844150E-1
22.657044	4.843506E-1
22.657045	4.843184E-1
22.657046	4.844794E-1
22.657046	4.845760E-1
22.657047	4.846082E-1
22.657048	4.843506E-1
22.657049	4.844150E-1
22.657050	4.844472E-1
22.657050	4.843506E-1
22.657051	4.844794E-1
22.657052	4.844472E-1
22.657053	4.844472E-1
22.657054	4.844472E-1
22.657054	4.844150E-1
22.657055	4.842862E-1
22.657056	4.845116E-1
22.657057	4.845438E-1
22.657058	4.843828E-1
22.657058	4.844794E-1
22.657059	4.844150E-1
22.657060	4.844472E-1
22.657061	4.844472E-1
22.657062	4.846404E-1
22.657062	4.842862E-1
22.657063	4.846404E-1
22.657064	4.844472E-1
22.657065	4.845760E-1
22.657066	4.846726E-1
22.657066	4.844472E-1
22.657067	4.843828E-1
22.657068	4.845116E-1
22.657069	4.845438E-1
22.657070	4.844150E-1
22.657070	4.845438E-1
22.657071	4.845438E-1
22.657072	4.843184E-1
22.657073	4.846404E-1
22.657074	4.843184E-1
22.657074	4.845438E-1
22.657075	4.844794E-1
22.657076	4.846404E-1
22.657077	4.845116E-1
22.657078	4.845438E-1
22.657078	4.844794E-1
22.657079	4.845760E-1
22.657080	4.846404E-1
22.657081	4.844472E-1
