  2.980            -61.457            173.987
  3.725            -57.453            177.110
  4.843            -52.856            174.488
  5.960            -49.307            174.229
  7.451            -45.439            171.707
  9.499            -41.202            171.109
 11.921            -37.267            169.195
 15.087            -33.186            166.676
 18.999            -29.199            163.514
 23.842            -25.287            159.489
 29.989            -21.352            154.185
 37.812            -17.401            147.367
 47.497            -13.587            138.505
 59.791             -9.923            127.427
 75.437             -6.593            112.524
 94.809             -3.945             95.307
119.396             -2.106             77.219
150.315             -1.057             60.805
189.245             -0.532             47.398
238.232             -0.288             36.938
300.072             -0.176             28.884
377.744             -0.125             22.704
475.533             -0.099             17.897
598.654             -0.086             14.143
753.626             -0.078             11.183
948.645             -0.074              8.853
