 10.058             -0.002             -0.931
 11.176             -0.004             -1.051
 12.666             -0.001             -1.162
 14.156             -0.004             -1.272
 15.832             -0.001             -1.437
 17.695             -0.001             -1.611
 19.930             -0.004             -1.767
 22.352             -0.002             -1.993
 25.146             -0.003             -2.249
 28.126             -0.004             -2.452
 31.665             -0.005             -2.856
 35.390             -0.006             -3.176
 39.861             -0.004             -3.549
 44.703             -0.008             -3.957
 50.105             -0.005             -4.476
 56.252             -0.009             -5.079
 63.144             -0.010             -5.673
 70.781             -0.013             -6.359
 79.349             -0.015             -7.007
 89.034             -0.017             -8.044
100.024             -0.018             -8.860
112.131             -0.024            -10.056
125.915             -0.030            -11.194
141.189             -0.032            -12.616
158.511             -0.039            -14.111
177.883             -0.050            -15.879
199.489             -0.061            -17.851
223.890             -0.078            -20.067
251.271             -0.098            -22.561
281.818             -0.126            -25.424
316.277             -0.166            -28.695
354.834             -0.218            -32.381
398.047             -0.300            -36.526
446.662             -0.408            -41.229
501.238             -0.560            -46.669
562.333             -0.782            -52.709
630.878             -1.088            -59.501
707.991             -1.515            -67.017
794.418             -2.100            -75.103
891.276             -2.856            -83.724
1000.054             -3.815            -92.539
1122.057             -4.979            -101.169
1258.962             -6.333            -109.644
1412.630             -7.851            -117.312
1584.925             -9.498            -124.397
1778.267            -11.248            -130.751
1995.265            -13.067            -136.318
2238.713            -14.937            -141.297
2511.963            -16.849            -145.737
2818.368            -18.779            -149.511
3162.213            -20.738            -152.874
3548.153            -22.702            -155.927
3981.031            -24.676            -158.502
4466.809            -26.655            -160.742
5011.819            -28.655            -162.873
5623.326            -30.644            -164.760
6309.524            -32.643            -166.414
7079.542            -34.646            -167.777
7943.250            -36.663            -169.099
8912.571            -38.676            -170.256
9999.983            -40.694            -171.054
11220.202            -42.740            -172.450
12589.246            -44.790            -173.161
14125.369            -46.845            -173.855
15848.875            -48.933            185.631
17782.860            -51.029            184.797
19952.655            -53.183            183.584
22387.132            -55.341            182.617
25118.887            -57.568            182.862
28183.870            -59.976            181.885
31622.685            -62.285            176.933
35481.341            -64.809            180.891
39810.687            -67.299            174.728
44668.280            -68.509            -134.382
50118.752            -68.495             70.322
56234.188            -76.857            136.591
63095.801            -78.989            129.001
70794.486            -75.877             -6.264
79432.875            -77.598             87.794
89125.149            -77.455             67.287
100000.016            -74.102            -11.822
112201.832            -73.908             62.311
125892.460            -72.953             72.795
141253.695            -72.121             83.933
158489.309            -70.653             76.505
177827.850            -69.774             82.493
199526.176            -68.391             80.204
