  0.931            -25.039            -91.234
  1.676            -19.755            -90.998
  2.421            -16.599            -91.988
  3.912            -12.466            -91.841
  6.333             -8.286            -92.601
 10.058             -4.307            -94.214
 15.832             -0.401            -95.946
 25.146              3.542            -99.052
 39.861              7.386            -103.918
 63.144             11.028            -111.191
100.024             14.253            -121.369
158.511             16.767            -133.919
251.271             18.412            -146.757
398.047             19.299            -157.571
630.878             19.715            -165.653
1000.054             19.894            -171.291
1584.925             19.965            -175.262
2511.963             19.998            -178.225
3981.031             20.000            179.145
6309.524             19.986            176.396
9999.983             19.936            172.846
15848.875             19.815            167.766
25118.887             19.516            160.247
39810.687             18.805            149.471
63095.801             17.328            135.454
100000.016             14.834            121.080
158489.309             11.535            106.943
