0.000000000000000e+000	0.000000e+000
4.330238177491241e-006	-5.673291e-010
8.660476354982481e-006	-8.083429e-010
1.299071453247372e-005	-7.230416e-010
1.732095270996496e-005	-3.114250e-010
2.165119088745620e-005	4.265068e-010
2.598142906494745e-005	1.490754e-009
3.031166724243867e-005	2.881316e-009
3.278044869567834e-005	8.111390e-009
3.402129712025081e-005	1.356813e-008
3.536407484181300e-005	2.362233e-008
3.663441674470635e-005	3.993500e-008
3.796308817265795e-005	6.910528e-008
3.924659042265158e-005	1.174273e-007
4.056500148091791e-005	2.023504e-007
4.185605957659723e-005	3.448660e-007
4.316826979563698e-005	5.927330e-007
4.446406798224116e-005	1.011947e-006
4.577283573518211e-005	1.736353e-006
4.707197975415999e-005	2.966898e-006
4.837945750700526e-005	5.083756e-006
4.968194305443489e-005	8.685553e-006
5.099088362937021e-005	1.485426e-005
5.229920655281245e-005	2.533037e-005
5.361556513332375e-005	4.313874e-005
5.493858586245468e-005	7.310903e-005
5.627856578368348e-005	1.231858e-004
5.764323998874230e-005	2.053818e-004
5.905374301992582e-005	3.375359e-004
6.054040646624679e-005	5.438072e-004
6.216185346601527e-005	8.549407e-004
6.401398476482063e-005	1.304312e-003
6.632159536552135e-005	1.934188e-003
6.964505850814942e-005	2.793767e-003
7.533764802874900e-005	3.936722e-003
8.137955129643967e-005	4.697913e-003
8.836842101667922e-005	5.154239e-003
9.712661928699729e-005	5.444410e-003
1.106275436301445e-004	5.712974e-003
2.707328221343483e-004	8.200199e-003
6.490227832820099e-004	1.393800e-002
1.039647783282010e-003	1.964508e-002
1.430272783282010e-003	2.504231e-002
1.820897783282010e-003	3.004805e-002
2.211522783282010e-003	3.458657e-002
2.602147783282010e-003	3.858933e-002
2.992772783282011e-003	4.199593e-002
3.383397783282011e-003	4.475501e-002
3.774022783282011e-003	4.682497e-002
4.164647783282012e-003	4.817463e-002
4.555272783282012e-003	4.878365e-002
4.945897783282013e-003	4.864288e-002
5.336522783282013e-003	4.775447e-002
5.727147783282013e-003	4.613184e-002
6.117772783282014e-003	4.379947e-002
6.508397783282014e-003	4.079261e-002
6.899022783282014e-003	3.715666e-002
7.289647783282015e-003	3.294664e-002
7.680272783282015e-003	2.822636e-002
8.070897783282014e-003	2.306765e-002
8.461522783282013e-003	1.754978e-002
8.852147783282012e-003	1.175993e-002
9.047460283282011e-003	8.793944e-003
9.242772783282010e-003	5.804725e-003
9.438085283282010e-003	2.887842e-003
9.633397783282009e-003	6.637340e-004
9.779375290809377e-003	3.050022e-005
9.918835882034511e-003	2.066420e-011
1.004353551533649e-002	-1.447360e-012
1.016282293745718e-002	-2.421190e-012
1.028925807791004e-002	-3.551504e-012
1.041471517455458e-002	-4.736260e-012
1.054213663213082e-002	-5.980477e-012
1.066707018120216e-002	-7.223258e-012
1.079354140512619e-002	-8.492100e-012
1.091872323531410e-002	-9.749600e-012
1.104512853292059e-002	-1.101425e-011
1.117054486983307e-002	-1.225870e-011
1.129677734423252e-002	-1.349671e-011
1.142230437442416e-002	-1.470992e-011
1.154842481819117e-002	-1.590799e-011
1.167404786521404e-002	-1.707799e-011
1.180009188991537e-002	-1.822618e-011
1.192578030298724e-002	-1.934336e-011
1.205176811731201e-002	-2.043341e-011
1.217750310184847e-002	-2.148969e-011
1.230345127139667e-002	-2.251437e-011
1.242921936304560e-002	-2.350258e-011
1.255513897193918e-002	-2.445533e-011
1.268093013885524e-002	-2.536899e-011
1.280682874701615e-002	-2.624383e-011
1.293263532366885e-002	-2.707706e-011
1.305851742416811e-002	-2.786851e-011
1.318433258934213e-002	-2.861601e-011
1.331019933370070e-002	-2.931912e-011
1.343601516236059e-002	-2.997616e-011
1.356186275529171e-002	-3.058654e-011
1.368766668200524e-002	-3.114895e-011
1.393924962455733e-002	-3.212700e-011
1.431629122001262e-002	-3.321578e-011
1.469210295468999e-002	-3.383805e-011
1.506972445752428e-002	-3.398597e-011
1.538756469074453e-002	-3.373049e-011
1.577818969074453e-002	-3.296795e-011
1.616881469074453e-002	-3.171365e-011
1.655943969074453e-002	-2.998249e-011
1.695006469074453e-002	-2.780052e-011
1.734068969074452e-002	-2.520055e-011
1.773131469074452e-002	-2.222170e-011
1.812193969074452e-002	-1.890876e-011
1.851256469074452e-002	-1.531156e-011
1.890318969074452e-002	-1.148422e-011
1.929381469074452e-002	-7.484294e-012
1.968443969074452e-002	-3.371946e-012
2.000107809791654e-002	5.975601e-011
2.002368156132726e-002	2.261180e-009
2.003221165389377e-002	1.188240e-008
2.003566441896202e-002	3.062172e-008
2.003744822440367e-002	5.704332e-008
2.003875866262331e-002	9.571829e-008
2.004001184463954e-002	1.613522e-007
2.004138132286176e-002	2.838795e-007
2.004266158001742e-002	4.816158e-007
2.004400459692974e-002	8.377559e-007
2.004529187478833e-002	1.424885e-006
2.004661725999287e-002	2.460378e-006
2.004791005302346e-002	4.191565e-006
2.004922702603714e-002	7.205207e-006
2.005052585838248e-002	1.228027e-005
2.005184156200335e-002	2.102534e-005
2.005314983411430e-002	3.575800e-005
2.005447429454384e-002	6.082152e-005
2.005580424271185e-002	1.026015e-004
2.005716124635720e-002	1.719513e-004
2.005855083143641e-002	2.839885e-004
2.006000754302505e-002	4.613323e-004
2.006157150241789e-002	7.315790e-004
2.006332662248733e-002	1.128233e-003
2.006543807123384e-002	1.690040e-003
2.006828993594863e-002	2.455825e-003
2.007341320145795e-002	3.596467e-003
2.007957585092286e-002	4.514092e-003
2.008600904125312e-002	5.035464e-003
2.009419741585840e-002	5.365056e-003
2.010563470006176e-002	5.624262e-003
2.012515197440637e-002	5.950386e-003
2.038311161675315e-002	9.921354e-003
2.077373661675315e-002	1.578861e-002
2.116436161675315e-002	2.140591e-002
2.155498661675315e-002	2.668678e-002
2.194561161675315e-002	3.155125e-002
2.233623661675315e-002	3.592579e-002
2.272686161675315e-002	3.974437e-002
2.311748661675315e-002	4.294937e-002
2.350811161675314e-002	4.549247e-002
2.389873661675314e-002	4.733534e-002
2.428936161675314e-002	4.845022e-002
2.467998661675314e-002	4.882031e-002
2.507061161675314e-002	4.844007e-002
2.546123661675314e-002	4.731525e-002
2.585186161675314e-002	4.546284e-002
2.624248661675313e-002	4.291081e-002
2.663311161675313e-002	3.969768e-002
2.702373661675313e-002	3.587204e-002
2.741436161675313e-002	3.149178e-002
2.780498661675313e-002	2.662335e-002
2.819561161675313e-002	2.134101e-002
2.858623661675313e-002	1.572638e-002
2.897686161675312e-002	9.870036e-003
2.917217411675312e-002	6.886248e-003
2.936748661675312e-002	3.907531e-003
2.956279911675312e-002	1.453918e-003
2.975811161675312e-002	2.052230e-004
2.990311366488481e-002	8.509856e-011
3.005837080275026e-002	-1.598565e-012
3.015747997587846e-002	-2.381987e-012
3.027106586552726e-002	-3.391743e-012
3.039611973687923e-002	-4.564343e-012
3.052721633680445e-002	-5.837827e-012
3.065291014279836e-002	-7.084589e-012
3.077924839861704e-002	-8.350439e-012
3.090380186457951e-002	-9.601199e-012
3.103036659919779e-002	-1.086792e-011
3.115569986194993e-002	-1.211269e-011
3.128211004819410e-002	-1.335414e-011
3.140751249144149e-002	-1.456827e-011
3.153372149974767e-002	-1.576968e-011
3.165925858486616e-002	-1.694167e-011
3.178537558532073e-002	-1.809361e-011
3.191100550287110e-002	-1.921360e-011
3.203704377350895e-002	-2.030766e-011
3.216273596518232e-002	-2.136736e-011
3.228872000271087e-002	-2.239632e-011
3.241445790754351e-002	-2.338847e-011
3.254040316946878e-002	-2.434579e-011
3.266617286854286e-002	-2.526383e-011
3.279208977588735e-002	-2.614350e-011
3.291788118536406e-002	-2.698151e-011
3.304377649614053e-002	-2.777806e-011
3.316958114455070e-002	-2.853066e-011
3.329545770758275e-002	-2.923912e-011
3.342126668216242e-002	-2.990154e-011
3.354712221544095e-002	-3.051750e-011
3.367292269969656e-002	-3.108554e-011
3.379874587304343e-002	-3.160514e-011
3.405027531526223e-002	-3.249516e-011
3.442709168106715e-002	-3.344780e-011
3.480222582262050e-002	-3.393143e-011
3.519627140141653e-002	-3.392543e-011
3.555770728740972e-002	-3.345796e-011
3.594833228740973e-002	-3.248161e-011
3.633895728740973e-002	-3.101686e-011
3.672958228740974e-002	-2.908574e-011
3.712020728740974e-002	-2.671728e-011
3.751083228740975e-002	-2.394713e-011
3.790145728740976e-002	-2.081694e-011
3.829208228740976e-002	-1.737380e-011
3.868270728740977e-002	-1.366948e-011
3.907333228740977e-002	-9.759717e-012
3.946395728740978e-002	-5.703308e-012
3.985458228740978e-002	-1.562018e-012
4.000299870856696e-002	7.545593e-012
4.002669563536927e-002	1.281069e-009
4.003042302176654e-002	3.593660e-009
4.003229360441457e-002	6.826065e-009
4.003362857716065e-002	1.151864e-008
4.003487950394496e-002	1.937143e-008
4.003624183189994e-002	3.397739e-008
4.003751544698754e-002	5.750073e-008
4.003885355730702e-002	9.985775e-008
4.004013733676858e-002	1.696773e-007
4.004146018456042e-002	2.928763e-007
4.004275067572787e-002	4.989892e-007
4.004406512176144e-002	8.583127e-007
4.004536038538546e-002	1.464846e-006
4.004667049822600e-002	2.514284e-006
4.004796951346273e-002	4.294434e-006
4.004927825801663e-002	7.357902e-006
4.005058151063114e-002	1.256234e-005
4.005189271156583e-002	2.146769e-005
4.005320407342289e-002	3.654851e-005
4.005452623400562e-002	6.209032e-005
4.005585868124001e-002	1.047882e-004
4.005721519925903e-002	1.754347e-004
4.005860790729078e-002	2.896870e-004
4.006006691958691e-002	4.700373e-004
4.006163748969668e-002	7.448144e-004
4.006340202118432e-002	1.147083e-003
4.006553382049851e-002	1.716500e-003
4.006843007268594e-002	2.490431e-003
4.007375826690190e-002	3.648560e-003
4.008051740235779e-002	4.608737e-003
4.008687194811261e-002	5.086747e-003
4.009557472618079e-002	5.404470e-003
4.010730374237276e-002	5.655508e-003
4.016915444126184e-002	6.634066e-003
4.041049107218425e-002	1.033863e-002
4.080111607218426e-002	1.619155e-002
4.119174107218426e-002	2.178798e-002
4.158236607218427e-002	2.704220e-002
4.197299107218427e-002	3.187465e-002
4.236361607218428e-002	3.621228e-002
4.275424107218429e-002	3.998963e-002
4.314486607218429e-002	4.314969e-002
4.353549107218430e-002	4.564484e-002
4.392611607218430e-002	4.743747e-002
4.431674107218431e-002	4.850055e-002
4.470736607218431e-002	4.881811e-002
4.509799107218432e-002	4.838537e-002
4.548861607218432e-002	4.720886e-002
4.587924107218433e-002	4.530638e-002
4.626986607218434e-002	4.270663e-002
4.666049107218434e-002	3.944888e-002
4.705111607218435e-002	3.558237e-002
4.744174107218435e-002	3.116563e-002
4.783236607218436e-002	2.626569e-002
4.822299107218436e-002	2.095731e-002
4.861361607218437e-002	1.532265e-002
4.900424107218437e-002	9.453174e-003
4.919955357218438e-002	6.466750e-003
4.939486607218438e-002	3.500063e-003
4.959017857218438e-002	1.093837e-003
4.975642958411310e-002	1.341365e-004
4.989417946009397e-002	2.959729e-010
5.004149736849407e-002	-1.506578e-012
5.014852383579412e-002	-2.300993e-012
5.026536090859703e-002	-3.335328e-012
5.039064754167447e-002	-4.508585e-012
5.052015779410742e-002	-5.766055e-012
5.064598158057618e-002	-7.013899e-012
5.077213354117747e-002	-8.277962e-012
5.089709966068867e-002	-9.533242e-012
5.102341820418557e-002	-1.079811e-011
5.114893133554783e-002	-1.204546e-011
5.127515431258080e-002	-1.328604e-011
5.140070814834753e-002	-1.450274e-011
5.152679497001653e-002	-1.570422e-011
5.165243805371635e-002	-1.687855e-011
5.177846491288115e-002	-1.803114e-011
5.190416966926345e-002	-1.915337e-011
5.203014437182250e-002	-2.024855e-011
5.215589020048090e-002	-2.131046e-011
5.228182900067090e-002	-2.234092e-011
5.240760501105074e-002	-2.333531e-011
5.253351806514421e-002	-2.429442e-011
5.265931491336409e-002	-2.521477e-011
5.278520892702625e-002	-2.609648e-011
5.291101968551706e-002	-2.693687e-011
5.303689873607078e-002	-2.773565e-011
5.316271720678696e-002	-2.849074e-011
5.328858227513913e-002	-2.920160e-011
5.341440120236195e-002	-2.986659e-011
5.354024872800632e-002	-3.048508e-011
5.366605655192061e-002	-3.105578e-011
5.379187441227742e-002	-3.157803e-011
5.404340672469152e-002	-3.247352e-011
5.442023491556815e-002	-3.343462e-011
5.479539585122709e-002	-3.392682e-011
5.518846873975886e-002	-3.393064e-011
5.554907129183372e-002	-3.347390e-011
5.593969629183373e-002	-3.250855e-011
5.633032129183373e-002	-3.105438e-011
5.672094629183374e-002	-2.913328e-011
5.711157129183375e-002	-2.677413e-011
5.750219629183375e-002	-2.401243e-011
5.789282129183376e-002	-2.088971e-011
5.828344629183376e-002	-1.745294e-011
5.867407129183377e-002	-1.375381e-011
5.906469629183377e-002	-9.847961e-012
5.945532129183378e-002	-5.794141e-012
5.984594629183378e-002	-1.654126e-012
5.987197352245196e-002	-3.865311e-010
5.989800075307013e-002	-5.796845e-010
5.992402798368831e-002	-5.811146e-010
5.995005521430648e-002	-3.908213e-010
5.997608244492466e-002	-8.804489e-012
6.000210967554284e-002	5.649357e-010
6.002813690616101e-002	1.330399e-009
6.003108080298844e-002	3.986582e-009
6.003358271196691e-002	1.129354e-008
6.003483200526597e-002	1.894705e-008
6.003615482595894e-002	3.272550e-008
6.003742980163448e-002	5.543407e-008
6.003874726549944e-002	9.550512e-008
6.004003452086262e-002	1.625434e-007
6.004134694220781e-002	2.794307e-007
6.004264079792858e-002	4.767690e-007
6.004394977302491e-002	8.183440e-007
6.004524755173041e-002	1.398113e-006
6.004655464141066e-002	2.396951e-006
6.004785531508385e-002	4.097008e-006
6.004916226467685e-002	7.015252e-006
6.005046645463832e-002	1.198363e-005
6.005177637991543e-002	2.047353e-005
6.005308794646617e-002	3.487361e-005
6.005440867809676e-002	5.925365e-005
6.005574012288608e-002	1.000784e-004
6.005709381567308e-002	1.676845e-004
6.005848257332068e-002	2.772977e-004
6.005993406427582e-002	4.507241e-004
6.006149213476280e-002	7.158585e-004
6.006323426835754e-002	1.105310e-003
6.006532324753281e-002	1.658363e-003
6.006812139091051e-002	2.413568e-003
6.007302221911405e-002	3.526910e-003
6.007896878541405e-002	4.446894e-003
6.008535782792340e-002	4.995817e-003
6.009330455991543e-002	5.337722e-003
6.010438232111160e-002	5.600397e-003
6.012278606631268e-002	5.913010e-003
6.036371909723048e-002	9.625291e-003
6.075434409723049e-002	1.550247e-002
6.114496909723050e-002	2.113429e-002
6.153559409723050e-002	2.643379e-002
6.192621909723051e-002	3.132073e-002
6.231684409723051e-002	3.572122e-002
6.270746909723052e-002	3.956884e-002
6.309809409723052e-002	4.280552e-002
6.348871909723053e-002	4.538246e-002
6.387934409723053e-002	4.726084e-002
6.426996909723054e-002	4.841234e-002
6.466059409723055e-002	4.881964e-002
6.505121909723055e-002	4.847661e-002
6.544184409723056e-002	4.738845e-002
6.583246909723056e-002	4.557158e-002
6.622309409723057e-002	4.305346e-002
6.661371909723057e-002	3.987209e-002
6.700434409723058e-002	3.607557e-002
6.739496909723058e-002	3.172133e-002
6.778559409723059e-002	2.687545e-002
6.817621909723060e-002	2.161180e-002
6.856684409723060e-002	1.601162e-002
6.895746909723061e-002	1.016490e-002
6.915278159723061e-002	7.183320e-003
6.934809409723061e-002	4.199629e-003
6.954340659723061e-002	1.666237e-003
6.973871909723062e-002	2.614345e-004
6.988125808110535e-002	8.106150e-010
7.003861039835063e-002	-1.434772e-012
7.013807399215412e-002	-2.219462e-012
7.025117208119622e-002	-3.212329e-012
7.037611424740893e-002	-4.374578e-012
7.050715870170832e-002	-5.641420e-012
7.063297090081579e-002	-6.886083e-012
7.075926953962908e-002	-8.150147e-012
7.088385822976413e-002	-9.401241e-012
7.101037887856286e-002	-1.066853e-011
7.113574368124372e-002	-1.191541e-011
7.126212850651650e-002	-1.315906e-011
7.138755392697184e-002	-1.437636e-011
7.151374366113174e-002	-1.558101e-011
7.163929657468868e-002	-1.675696e-011
7.176539998377993e-002	-1.791296e-011
7.189104134843087e-002	-1.903755e-011
7.201706998831570e-002	-2.013634e-011
7.214277031052323e-002	-2.120120e-011
7.226874749251820e-002	-2.223548e-011
7.239449120825127e-002	-2.323331e-011
7.252043162880571e-002	-2.419648e-011
7.264620551471177e-002	-2.512068e-011
7.277211905080408e-002	-2.600668e-011
7.289791355340383e-002	-2.685127e-011
7.302380663742931e-002	-2.765457e-011
7.314961374866601e-002	-2.841415e-011
7.327548912238165e-002	-2.912975e-011
7.340130044611370e-002	-2.979951e-011
7.352715603196246e-002	-3.042294e-011
7.365295953888511e-002	-3.099862e-011
7.377878477801617e-002	-3.152598e-011
7.403032542253631e-002	-3.243190e-011
7.440718916552723e-002	-3.340910e-011
7.478247785450627e-002	-3.391767e-011
7.517106800106170e-002	-3.394193e-011
7.552576107268635e-002	-3.351604e-011
7.591638607268636e-002	-3.258005e-011
7.630701107268637e-002	-3.115451e-011
7.669763607268637e-002	-2.926052e-011
7.708826107268638e-002	-2.692659e-011
7.747888607268638e-002	-2.418780e-011
7.786951107268639e-002	-2.108536e-011
7.826013607268639e-002	-1.766592e-011
7.865076107268640e-002	-1.398092e-011
7.904138607268640e-002	-1.008579e-011
7.943201107268641e-002	-6.039103e-012
7.982263607268642e-002	2.107194e-012
8.001794857268642e-002	6.793088e-004
8.007276778662333e-002	2.998249e-003
8.009764367732501e-002	4.975918e-003
8.012166745181561e-002	5.958628e-003
8.013969418068437e-002	6.144290e-003
8.015920459564047e-002	6.487553e-003
8.042898034378521e-002	1.062060e-002
8.081960534378521e-002	1.646291e-002
8.121023034378522e-002	2.204503e-002
8.160085534378522e-002	2.728103e-002
8.199148034378523e-002	3.209165e-002
8.238210534378523e-002	3.640419e-002
8.277273034378524e-002	4.015353e-002
8.316335534378525e-002	4.328312e-002
8.355398034378525e-002	4.574578e-002
8.394460534378526e-002	4.750440e-002
8.433523034378526e-002	4.853247e-002
8.472585534378527e-002	4.881454e-002
8.511648034378527e-002	4.834635e-002
8.550710534378528e-002	4.713500e-002
8.589773034378528e-002	4.519878e-002
8.628835534378529e-002	4.256691e-002
8.667898034378530e-002	3.927917e-002
8.706960534378530e-002	3.538523e-002
8.746023034378531e-002	3.094404e-002
8.785085534378531e-002	2.602302e-002
8.824148034378532e-002	2.069729e-002
8.863210534378532e-002	1.504935e-002
8.902273034378533e-002	9.171326e-003
8.921804284378533e-002	6.183479e-003
8.941335534378533e-002	3.231083e-003
8.960866784378534e-002	8.899044e-004
8.976453972830098e-002	8.533424e-005
8.990154700501997e-002	1.518429e-010
9.004570615417425e-002	-1.487403e-012
9.016134003607207e-002	-2.410253e-012
9.029110751308325e-002	-3.569857e-012
9.041112178987017e-002	-4.702394e-012
9.054242858311665e-002	-5.984128e-012
9.066460798391442e-002	-7.199036e-012
9.079385320511087e-002	-8.495558e-012
9.091680203312735e-002	-9.730515e-012
9.104507340832160e-002	-1.101384e-011
9.116892160130984e-002	-1.224277e-011
9.129651088177558e-002	-1.349417e-011
9.142092273828449e-002	-1.469672e-011
9.154799972633274e-002	-1.590402e-011
9.167282394229377e-002	-1.706674e-011
9.179954792084628e-002	-1.822129e-011
9.192466777605329e-002	-1.933362e-011
9.205113909152317e-002	-2.042805e-011
9.217646879094975e-002	-2.148114e-011
9.230276065075337e-002	-2.250885e-011
9.242824004991009e-002	-2.349503e-011
9.255440413382428e-002	-2.444988e-011
9.267998972002918e-002	-2.536231e-011
9.280606224655541e-002	-2.623862e-011
9.293172245204230e-002	-2.707117e-011
9.305772830595881e-002	-2.786368e-011
9.318343929128578e-002	-2.861086e-011
9.330939412536853e-002	-2.931477e-011
9.343513585247017e-002	-2.997173e-011
9.356104620622122e-002	-3.058273e-011
9.368679752295130e-002	-3.114523e-011
9.393838816304910e-002	-3.212398e-011
9.431546023608324e-002	-3.321389e-011
9.469126547853436e-002	-3.383719e-011
9.506868193360642e-002	-3.398627e-011
9.538579015260883e-002	-3.373285e-011
9.577641515260883e-002	-3.297253e-011
9.616704015260884e-002	-3.172044e-011
9.655766515260884e-002	-2.999139e-011
9.694829015260885e-002	-2.781140e-011
9.733891515260885e-002	-2.521325e-011
9.772954015260886e-002	-2.223602e-011
9.812016515260887e-002	-1.892449e-011
9.851079015260887e-002	-1.532847e-011
9.890141515260888e-002	-1.150204e-011
9.929204015260888e-002	-7.502765e-012
9.968266515260889e-002	-3.390789e-012
9.999930356972359e-002	1.713723e-010
1.000263839307574e-001	8.657175e-009
1.000354036163686e-001	4.837870e-008
1.000391509563964e-001	1.323562e-007
1.000410332095380e-001	2.520717e-007
1.000423657764942e-001	4.248174e-007
1.000436194769586e-001	7.159703e-007
1.000450000185127e-001	1.264582e-006
1.000462782207757e-001	2.142490e-006
1.000476272093296e-001	3.732655e-006
1.000489137344085e-001	6.338544e-006
1.000502442888834e-001	1.094340e-005
1.000515397023342e-001	1.859472e-005
1.000528653677434e-001	3.187354e-005
1.000541753277228e-001	5.399416e-005
1.000555128766400e-001	9.160421e-005
1.000568561023398e-001	1.533987e-004
1.000582424912104e-001	2.548110e-004
1.000596768219886e-001	4.150285e-004
1.000612154625175e-001	6.627003e-004
1.000629147571139e-001	1.027547e-003
1.000649302530772e-001	1.550424e-003
1.000675578019938e-001	2.268147e-003
1.000718368792834e-001	3.296783e-003
1.000773119947081e-001	4.240742e-003
1.000835792250526e-001	4.875023e-003
1.000909289802004e-001	5.256599e-003
1.001010453919579e-001	5.532888e-003
1.001168283127129e-001	5.817585e-003
1.003176583250425e-001	8.920405e-003
1.007082833250425e-001	1.482039e-002
1.010989083250425e-001	2.048589e-002
1.014895333250425e-001	2.582886e-002
1.018801583250425e-001	3.076841e-002
1.022707833250425e-001	3.522988e-002
1.026614083250425e-001	3.914587e-002
1.030520333250425e-001	4.245731e-002
1.034426583250425e-001	4.511427e-002
1.038332833250425e-001	4.707670e-002
1.042239083250425e-001	4.831503e-002
1.046145333250425e-001	4.881062e-002
1.050051583250425e-001	4.855601e-002
1.053957833250425e-001	4.755507e-002
1.057864083250426e-001	4.582292e-002
1.061770333250426e-001	4.338571e-002
1.065676583250426e-001	4.028023e-002
1.069582833250426e-001	3.655344e-002
1.073489083250426e-001	3.226169e-002
1.077395333250426e-001	2.747008e-002
1.081301583250426e-001	2.225161e-002
1.085207833250426e-001	1.668664e-002
1.089114083250426e-001	1.086386e-002
1.091067208250426e-001	7.888483e-003
1.093020333250426e-001	4.899128e-003
1.094973458250426e-001	2.181584e-003
1.096926583250426e-001	4.027112e-004
1.098341286117603e-001	1.337868e-007
1.099954188450835e-001	-1.111659e-012
1.100950689590733e-001	-1.859319e-012
1.102074213963964e-001	-2.817898e-012
1.103320370671916e-001	-3.956331e-012
1.104631621414724e-001	-5.210135e-012
1.105890691270024e-001	-6.448263e-012
1.107153902638045e-001	-7.709262e-012
1.108399562147678e-001	-8.959871e-012
1.109664702914303e-001	-1.022911e-011
1.110918327652041e-001	-1.147972e-011
1.112182230826178e-001	-1.272862e-011
1.113436469722994e-001	-1.395223e-011
1.114698382239917e-001	-1.516426e-011
1.115953892081448e-001	-1.634839e-011
1.117214939843407e-001	-1.751342e-011
1.118471342786154e-001	-1.864773e-011
1.119731639346520e-001	-1.975697e-011
1.120988634506615e-001	-2.083287e-011
1.122248413515786e-001	-2.187885e-011
1.123505845354621e-001	-2.288891e-011
1.124765255338403e-001	-2.386490e-011
1.126022991315333e-001	-2.480242e-011
1.127282132131830e-001	-2.570227e-011
1.128540077164379e-001	-2.656117e-011
1.129799015033918e-001	-2.737926e-011
1.131057090920951e-001	-2.815405e-011
1.132315856881420e-001	-2.888528e-011
1.133573984410624e-001	-2.957103e-011
1.134832565390277e-001	-3.021083e-011
1.136090635313754e-001	-3.080320e-011
1.137348942641279e-001	-3.134757e-011
1.139864551510553e-001	-3.228833e-011
1.143634045688904e-001	-3.331937e-011
1.147389761039691e-001	-3.388275e-011
1.151216552396604e-001	-3.396784e-011
1.154571247694845e-001	-3.363055e-011
1.158477497694845e-001	-3.278042e-011
1.162383747694845e-001	-3.143961e-011
1.166289997694845e-001	-2.962607e-011
1.170196247694845e-001	-2.736708e-011
1.174102497694845e-001	-2.469661e-011
1.178008747694845e-001	-2.165483e-011
1.181914997694845e-001	-1.828749e-011
1.185821247694845e-001	-1.464524e-011
1.189727497694846e-001	-1.078287e-011
1.193633747694846e-001	-6.758458e-012
1.197539997694846e-001	-2.632546e-012
1.199493122694846e-001	5.709488e-011
1.200234281615069e-001	1.475935e-005
1.200537925243099e-001	5.220956e-004
1.200649971354864e-001	1.682300e-003
1.200708330728869e-001	2.902426e-003
1.200762652729868e-001	3.986722e-003
1.200828786497426e-001	4.776097e-003
1.200898092116002e-001	5.201082e-003
1.200993478549869e-001	5.491850e-003
1.201131520751139e-001	5.755635e-003
1.202927898790692e-001	8.538861e-003
1.206834148790692e-001	1.445075e-002
1.210740398790692e-001	2.013393e-002
1.214646648790692e-001	2.549990e-002
1.218552898790692e-001	3.046744e-002
1.222459148790692e-001	3.496143e-002
1.226365398790692e-001	3.891401e-002
1.230271648790692e-001	4.226552e-002
1.234177898790692e-001	4.496545e-002
1.238084148790692e-001	4.697309e-002
1.241990398790692e-001	4.825819e-002
1.245896648790692e-001	4.880141e-002
1.249802898790692e-001	4.859456e-002
1.253709148790692e-001	4.764081e-002
1.257615398790692e-001	4.595454e-002
1.261521648790692e-001	4.356123e-002
1.265427898790692e-001	4.049700e-002
1.269334148790692e-001	3.680817e-002
1.273240398790691e-001	3.255054e-002
1.277146648790691e-001	2.778866e-002
1.281052898790691e-001	2.259505e-002
1.284959148790691e-001	1.704959e-002
1.288865398790690e-001	1.124035e-002
1.290818523790690e-001	8.268827e-003
1.292771648790690e-001	5.278806e-003
1.294724773790690e-001	2.465354e-003
1.296677898790690e-001	4.842796e-004
1.298092343973247e-001	1.868744e-006
1.299727722696273e-001	-8.872626e-013
1.300827620642066e-001	-1.754973e-012
1.301976010607283e-001	-2.725866e-012
1.303210089798153e-001	-3.848900e-012
1.304507603298133e-001	-5.086858e-012
1.305767720335028e-001	-6.324452e-012
1.307032242273769e-001	-7.586104e-012
1.308280024396394e-001	-8.838939e-012
1.309543931444401e-001	-1.010760e-011
1.310798010983551e-001	-1.135974e-011
1.312061191089144e-001	-1.260938e-011
1.313316059603251e-001	-1.383535e-011
1.314577525922203e-001	-1.504896e-011
1.315833434317945e-001	-1.623570e-011
1.317094131474399e-001	-1.740288e-011
1.318350818949614e-001	-1.854008e-011
1.319610874323805e-001	-1.965195e-011
1.320868074759378e-001	-2.073103e-011
1.322127681170781e-001	-2.178004e-011
1.323385258253147e-001	-2.279356e-011
1.324644545463657e-001	-2.377294e-011
1.325902385229409e-001	-2.471417e-011
1.327161439047790e-001	-2.561774e-011
1.328419458361232e-001	-2.648059e-011
1.329678334926330e-001	-2.730268e-011
1.330936464639872e-001	-2.808165e-011
1.332195188427888e-001	-2.881712e-011
1.333453356454146e-001	-2.950726e-011
1.334711910710664e-001	-3.015153e-011
1.335970014389077e-001	-3.074848e-011
1.337228310104981e-001	-3.129750e-011
1.339743962361371e-001	-3.224779e-011
1.343513638863677e-001	-3.329359e-011
1.347269908656605e-001	-3.387202e-011
1.351085642750527e-001	-3.397322e-011
1.354401673789211e-001	-3.365636e-011
1.358307923789211e-001	-3.282758e-011
1.362214173789210e-001	-3.150780e-011
1.366120423789210e-001	-2.971427e-011
1.368073548789210e-001	-2.864801e-011
1.371979798789210e-001	-2.619654e-011
1.375886048789210e-001	-2.335120e-011
1.379792298789209e-001	-2.015478e-011
1.383698548789209e-001	-1.665537e-011
1.387604798789209e-001	-1.290560e-011
1.391511048789209e-001	-8.961869e-012
1.395417298789209e-001	-4.883491e-012
1.399323548789208e-001	-6.796731e-013
1.400064707733852e-001	1.432618e-008
1.400368355446021e-001	1.501532e-006
1.400480039635028e-001	1.086115e-005
1.400524045087198e-001	3.282446e-005
1.400545867427859e-001	6.615298e-005
1.400560304372505e-001	1.122393e-004
1.400573923807431e-001	1.876503e-004
1.400588725539477e-001	3.174160e-004
1.400603352990205e-001	5.104459e-004
1.400619767133015e-001	8.142815e-004
1.400637756381527e-001	1.240795e-003
1.400660406953704e-001	1.855413e-003
1.400691633691815e-001	2.666981e-003
1.400754087168036e-001	3.940634e-003
1.400813188788861e-001	4.694952e-003
1.400885642504986e-001	5.163712e-003
1.400970424686409e-001	5.443803e-003
1.401109255167642e-001	5.717832e-003
1.402685832715575e-001	8.167215e-003
1.406440760627500e-001	1.386411e-002
1.410347010627499e-001	1.957457e-002
1.414253260627499e-001	2.497625e-002
1.418159510627499e-001	2.998742e-002
1.422065760627499e-001	3.453230e-002
1.425972010627498e-001	3.854225e-002
1.429878260627498e-001	4.195674e-002
1.433784510627498e-001	4.472430e-002
1.437690760627498e-001	4.680321e-002
1.441597010627498e-001	4.816213e-002
1.445503260627497e-001	4.878062e-002
1.449409510627497e-001	4.864936e-002
1.453315760627497e-001	4.777035e-002
1.457222010627497e-001	4.615689e-002
1.461128260627496e-001	4.383331e-002
1.465034510627496e-001	4.083472e-002
1.468940760627496e-001	3.720642e-002
1.472847010627496e-001	3.300329e-002
1.476753260627496e-001	2.828903e-002
1.480659510627495e-001	2.313540e-002
1.484565760627495e-001	1.762155e-002
1.488472010627495e-001	1.183455e-002
1.490425135627495e-001	8.869466e-003
1.492378260627495e-001	5.880469e-003
1.494331385627495e-001	2.954223e-003
1.496284510627494e-001	7.031072e-004
1.497759777962057e-001	3.969695e-005
1.499144305516987e-001	3.531229e-011
1.500423639629214e-001	-1.440254e-012
1.501612633847353e-001	-2.407966e-012
1.502882564174053e-001	-3.542354e-012
1.504127825336531e-001	-4.717684e-012
1.505407965707258e-001	-5.967313e-012
1.506652854470891e-001	-7.205435e-012
1.507922039824510e-001	-8.478689e-012
1.509170257086611e-001	-9.732583e-012
1.510437275004819e-001	-1.100030e-011
1.511688898891667e-001	-1.224237e-011
1.512953391009949e-001	-1.348270e-011
1.514206864989388e-001	-1.469442e-011
1.515469600168903e-001	-1.589421e-011
1.516724544091084e-001	-1.706331e-011
1.517986072969454e-001	-1.821281e-011
1.519242042346098e-001	-1.932954e-011
1.520502695349429e-001	-2.042063e-011
1.521759393575943e-001	-2.147676e-011
1.523019426333586e-001	-2.250230e-011
1.524276643290055e-001	-2.349058e-011
1.525536231531948e-001	-2.444409e-011
1.526793812954144e-001	-2.535798e-011
1.528053078139284e-001	-2.623350e-011
1.529310908905560e-001	-2.706709e-011
1.530569928667979e-001	-2.785918e-011
1.531827913268717e-001	-2.860712e-011
1.533086722488609e-001	-2.931086e-011
1.534344762387714e-001	-2.996841e-011
1.535603339969011e-001	-3.057941e-011
1.536861296141473e-001	-3.114237e-011
1.539377143096796e-001	-3.212163e-011
1.543147629996430e-001	-3.321230e-011
1.546905809731718e-001	-3.383648e-011
1.550680177855862e-001	-3.398642e-011
1.553852141747614e-001	-3.373359e-011
1.557758391747613e-001	-3.297401e-011
1.561664641747613e-001	-3.172264e-011
1.565570891747613e-001	-2.999428e-011
1.569477141747613e-001	-2.781493e-011
1.573383391747613e-001	-2.521737e-011
1.577289641747612e-001	-2.224067e-011
1.581195891747612e-001	-1.892960e-011
1.585102141747612e-001	-1.533395e-011
1.589008391747612e-001	-1.150783e-011
1.592914641747611e-001	-7.508760e-012
1.596820891747611e-001	-3.396905e-012
1.599987275955845e-001	1.350864e-010
1.600258079574818e-001	7.000402e-009
1.600348957013482e-001	3.948151e-008
1.600386619132259e-001	1.083713e-007
1.600405533498113e-001	2.068727e-007
1.600418877022507e-001	3.487555e-007
1.600431413435258e-001	5.877682e-007
1.600445225975818e-001	1.038481e-006
1.600458004228574e-001	1.759315e-006
1.600471495795046e-001	3.065816e-006
1.600484355830974e-001	5.206565e-006
1.600497657691368e-001	8.992240e-006
1.600510601068281e-001	1.528558e-005
1.600523842342297e-001	2.622292e-005
1.600536913265225e-001	4.447747e-005
1.600550241114287e-001	7.561902e-005
1.600563590860021e-001	1.270438e-004
1.600577313460105e-001	2.120804e-004
1.600591414163601e-001	3.476594e-004
1.600606379243533e-001	5.599700e-004
1.600622675764761e-001	8.781629e-004
1.600641420677774e-001	1.338069e-003
1.600664872344524e-001	1.979694e-003
1.600699193918736e-001	2.861314e-003
1.600755336682650e-001	3.970602e-003
1.600815796295780e-001	4.715797e-003
1.600885846432725e-001	5.163642e-003
1.600974760942591e-001	5.452752e-003
1.601111472273331e-001	5.721920e-003
1.602745891635379e-001	8.259417e-003
1.606566924477718e-001	1.405250e-002
1.610473174477718e-001	1.975431e-002
1.614379424477718e-001	2.514463e-002
1.618285674477718e-001	3.014189e-002
1.622191924477718e-001	3.467052e-002
1.626098174477717e-001	3.866214e-002
1.630004424477717e-001	4.205649e-002
1.633910674477717e-001	4.480240e-002
1.637816924477717e-001	4.685849e-002
1.641723174477716e-001	4.819376e-002
1.645629424477716e-001	4.878812e-002
1.649535674477716e-001	4.863261e-002
1.653441924477716e-001	4.772962e-002
1.657348174477716e-001	4.609278e-002
1.661254424477715e-001	4.374680e-002
1.665160674477715e-001	4.072711e-002
1.669066924477715e-001	3.707933e-002
1.672973174477715e-001	3.285865e-002
1.676879424477714e-001	2.812904e-002
1.680785674477714e-001	2.296250e-002
1.684691924477714e-001	1.743841e-002
1.688598174477714e-001	1.164417e-002
1.690551299477714e-001	8.676818e-003
1.692504424477714e-001	5.687312e-003
1.694457549477713e-001	2.787932e-003
1.696410674477713e-001	6.100670e-004
1.697851434333634e-001	1.883344e-005
1.699269662886166e-001	7.341467e-012
1.700474509559366e-001	-1.478939e-012
1.701798606232742e-001	-2.569808e-012
1.702993227357971e-001	-3.643881e-012
1.704300157805125e-001	-4.883862e-012
1.705519535983503e-001	-6.077273e-012
1.706814167060478e-001	-7.366853e-012
1.708043693937690e-001	-8.600840e-012
1.709327003953182e-001	-9.889784e-012
1.710564776214983e-001	-1.112733e-011
1.711841061113779e-001	-1.239245e-011
1.713084837737957e-001	-1.361064e-011
1.714355949786098e-001	-1.483720e-011
1.715603929806012e-001	-1.602050e-011
1.716871390922970e-001	-1.719847e-011
1.718122399551662e-001	-1.833540e-011
1.719387274279161e-001	-1.945678e-011
1.720640438374980e-001	-2.053796e-011
1.721903472184806e-001	-2.159574e-011
1.723158171874790e-001	-2.261311e-011
1.724419896050339e-001	-2.360089e-011
1.725675687215389e-001	-2.454734e-011
1.726936475490447e-001	-2.545918e-011
1.728193037048337e-001	-2.632830e-011
1.729453148915497e-001	-2.715872e-011
1.730710242812215e-001	-2.794478e-011
1.731969848652153e-001	-2.868873e-011
1.733227284027031e-001	-2.938663e-011
1.734486472963387e-001	-3.003956e-011
1.735744065809256e-001	-3.064478e-011
1.737002829048127e-001	-3.120269e-011
1.739518510069912e-001	-3.217076e-011
1.743288325251942e-001	-3.324407e-011
1.747045953500476e-001	-3.385068e-011
1.750836963898251e-001	-3.398195e-011
1.754067042708442e-001	-3.370456e-011
1.757973292708441e-001	-3.291792e-011
1.761879542708441e-001	-3.163975e-011
1.765785792708441e-001	-2.988584e-011
1.769692042708441e-001	-2.768257e-011
1.773598292708440e-001	-2.506308e-011
1.777504542708440e-001	-2.206677e-011
1.781410792708440e-001	-1.873871e-011
1.785317042708440e-001	-1.512894e-011
1.789223292708440e-001	-1.129177e-011
1.793129542708439e-001	-7.284920e-012
1.797035792708439e-001	-3.168644e-012
1.799730076773307e-001	1.261190e-011
1.800202176312243e-001	1.302846e-008
1.800364871425259e-001	1.965575e-007
1.800429288118298e-001	7.802772e-007
1.800455572573129e-001	1.701478e-006
1.800470410415284e-001	2.941723e-006
1.800482949185712e-001	4.885943e-006
1.800495575275532e-001	8.256026e-006
1.800509026297678e-001	1.434045e-005
1.800522011553343e-001	2.436515e-005
1.800535418520338e-001	4.190236e-005
1.800548573635008e-001	7.082907e-005
1.800562098422623e-001	1.200025e-004
1.800575671361536e-001	1.997618e-004
1.800589822636659e-001	3.294625e-004
1.800604594752683e-001	5.306247e-004
1.800620768379987e-001	8.364858e-004
1.800639097357233e-001	1.276973e-003
1.800661897558065e-001	1.897831e-003
1.800694283793953e-001	2.739466e-003
1.800752010704317e-001	3.912222e-003
1.800812449994398e-001	4.685682e-003
1.800882311081304e-001	5.148279e-003
1.800968922499442e-001	5.438814e-003
1.801102884108605e-001	5.707103e-003
1.801779503916107e-001	6.770036e-003
1.804485983146114e-001	1.091788e-002
1.808392233146114e-001	1.675025e-002
1.812298483146113e-001	2.231694e-002
1.816204733146113e-001	2.753342e-002
1.820110983146113e-001	3.232070e-002
1.824017233146113e-001	3.660643e-002
1.827923483146113e-001	4.032592e-002
1.831829733146112e-001	4.342306e-002
1.835735983146112e-001	4.585116e-002
1.839642233146112e-001	4.757363e-002
1.843548483146112e-001	4.856452e-002
1.847454733146111e-001	4.880890e-002
1.851360983146111e-001	4.830313e-002
1.855267233146111e-001	4.705485e-002
1.859173483146111e-001	4.508290e-002
1.863079733146111e-001	4.241706e-002
1.866985983146110e-001	3.909761e-002
1.870892233146110e-001	3.517471e-002
1.874798483146110e-001	3.070774e-002
1.878704733146110e-001	2.576454e-002
1.882610983146109e-001	2.042060e-002
1.886517233146109e-001	1.475880e-002
1.890423483146109e-001	8.871989e-003
1.892376608146109e-001	5.882999e-003
1.894329733146109e-001	2.956464e-003
1.896282858146109e-001	7.044816e-004
1.897758683808496e-001	4.002395e-005
1.899142933042469e-001	3.589793e-011
1.900423421085970e-001	-1.440166e-012
1.901612253815377e-001	-2.407648e-012
1.902882379085844e-001	-3.542189e-012
1.904127311559070e-001	-4.717191e-012
1.905407667571830e-001	-5.967022e-012
1.906652397319034e-001	-7.204979e-012
1.907921742638090e-001	-8.478392e-012
1.909169830857345e-001	-9.732155e-012
1.910436955259299e-001	-1.099998e-011
1.911688488324969e-001	-1.224196e-011
1.912953058199541e-001	-1.348238e-011
1.914206467842624e-001	-1.469403e-011
1.915469257910522e-001	-1.589389e-011
1.916724155755974e-001	-1.706295e-011
1.917985723669282e-001	-1.821250e-011
1.919241660278416e-001	-1.932920e-011
1.920502341059768e-001	-2.042033e-011
1.921759015941084e-001	-2.147644e-011
1.923019068451923e-001	-2.250201e-011
1.924276268784925e-001	-2.349029e-011
1.925535871082489e-001	-2.444382e-011
1.926793440670858e-001	-2.535772e-011
1.928052715858489e-001	-2.623325e-011
1.929310538202534e-001	-2.706685e-011
1.930569565086171e-001	-2.785895e-011
1.931827543697350e-001	-2.860691e-011
1.933086357993162e-001	-2.931067e-011
1.934344393641974e-001	-2.996822e-011
1.935602974854415e-001	-3.057924e-011
1.936860928031225e-001	-3.114222e-011
1.939376775547619e-001	-3.212150e-011
1.943147264704425e-001	-3.321221e-011
1.946905445732491e-001	-3.383644e-011
1.950679767268666e-001	-3.398643e-011
1.953851568421735e-001	-3.373366e-011
1.957757818421735e-001	-3.297416e-011
1.961664068421735e-001	-3.172286e-011
1.965570318421734e-001	-2.999457e-011
1.969476568421734e-001	-2.781529e-011
1.973382818421734e-001	-2.521778e-011
1.977289068421734e-001	-2.224113e-011
1.981195318421734e-001	-1.893011e-011
1.985101568421733e-001	-1.533450e-011
1.989007818421733e-001	-1.150840e-011
1.992914068421733e-001	-7.509357e-012
1.996820318421733e-001	-3.397514e-012
1.998773443421733e-001	-1.315833e-012
2.000000000000000e-001	-6.298616e-017
