  0.931            -50.787             86.516
  1.118            -49.193             86.005
  1.304            -47.829             86.005
  1.490            -46.709             85.519
  1.676            -45.701             85.222
  1.863            -44.784             85.081
  2.049            -43.979             84.788
  2.235            -43.170             84.654
  2.421            -42.472             84.649
  2.794            -41.237             84.304
  3.166            -40.145             84.089
  3.539            -39.206             83.879
  3.912            -38.340             83.653
  4.470            -37.185             83.372
  5.029            -36.191             83.100
  5.588            -35.281             82.854
  6.333            -34.206             82.574
  7.078            -33.255             82.334
  8.009            -32.184             82.081
  8.941            -31.236             81.837
 10.058            -30.240             81.560
 11.176            -29.336             81.324
 12.666            -28.267             81.051
 14.156            -27.322             80.757
 15.832            -26.374             80.579
 17.695            -25.428             80.385
 19.930            -24.413             80.151
 22.352            -23.430             79.888
 25.146            -22.424             79.599
 28.126            -21.468             79.285
 31.665            -20.451             78.914
 35.390            -19.506             78.512
 39.861            -18.498             78.023
 44.703            -17.530             77.505
 50.105            -16.570             76.947
 56.252            -15.596             76.337
 63.144            -14.627             75.552
 70.781            -13.674             74.783
 79.349            -12.727             73.786
 89.034            -11.778             72.728
100.024            -10.826             71.310
112.131             -9.899             69.695
125.915             -8.970             67.705
141.189             -8.065             65.164
158.511             -7.166             62.649
177.883             -6.271             62.046
199.489             -5.395             60.985
223.890             -4.526             59.603
251.271             -3.677             57.917
281.818             -2.858             55.920
316.277             -2.064             53.619
354.834             -1.309             51.025
398.047             -0.588             48.231
446.662              0.081             45.091
501.238              0.700             41.713
562.333              1.263             38.146
630.878              1.770             34.389
707.991              2.218             30.501
794.418              2.607             26.502
891.276              2.935             22.429
1000.054              3.205             18.319
1122.057              3.421             14.184
1258.962              3.583             10.020
1412.630              3.694              5.839
1584.925              3.757              1.642
1778.267              3.771             -2.578
1995.265              3.737             -6.816
2238.713              3.654            -11.100
2511.963              3.520            -15.434
2818.368              3.334            -19.812
3162.213              3.094            -24.239
3548.153              2.795            -28.692
3981.031              2.438            -33.149
4466.809              2.021            -37.606
5011.819              1.542            -42.045
5623.326              1.001            -46.454
6309.524              0.397            -50.830
7079.542             -0.267            -55.189
7943.250             -0.999            -59.528
8912.571             -1.793            -64.113
9999.983             -2.690            -69.250
11220.202             -3.765            -75.355
12589.246             -5.095            -82.724
14125.369             -6.696            -91.069
15848.875             -8.536            -99.479
17782.860            -10.517            -107.329
19952.655            -12.602            -114.032
22387.132            -14.775            -119.463
25118.887            -17.039            -123.641
28183.870            -19.401            -126.469
31622.685            -21.878            -127.792
35481.341            -25.587            -109.691
39810.687            -28.123            -98.470
44668.280            -29.897            -81.853
50118.752            -30.409            -64.005
56234.188            -29.945            -50.287
63095.801            -29.142            -41.839
70794.486            -28.347            -37.333
79432.875            -27.675            -35.431
89125.149            -27.139            -35.250
100000.016            -26.365            -37.848
