1.00000000000000e-003	-7.54335153379123e+000 -4.51564208988883e-005 
1.02329299228075e-003	-7.54335153379123e+000 -4.62082490623127e-005 
1.04712854805090e-003	-7.54335153379122e+000 -4.72845774510285e-005 
1.07151930523761e-003	-7.54335153379120e+000 -4.83859767485942e-005 
1.09647819614318e-003	-7.54335153379119e+000 -4.95130309314961e-005 
1.12201845430196e-003	-7.54335153379118e+000 -5.06663375787804e-005 
1.14815362149688e-003	-7.54335153379118e+000 -5.18465081888972e-005 
1.17489755493953e-003	-7.54335153379115e+000 -5.30541685039255e-005 
1.20226443461741e-003	-7.54335153379114e+000 -5.42899588413494e-005 
1.23026877081238e-003	-7.54335153379113e+000 -5.55545344335637e-005 
1.25892541179417e-003	-7.54335153379112e+000 -5.68485657752858e-005 
1.28824955169313e-003	-7.54335153379109e+000 -5.81727389790618e-005 
1.31825673855641e-003	-7.54335153379109e+000 -5.95277561390517e-005 
1.34896288259165e-003	-7.54335153379106e+000 -6.09143357032895e-005 
1.38038426460288e-003	-7.54335153379105e+000 -6.23332128546139e-005 
1.41253754462275e-003	-7.54335153379103e+000 -6.37851399004714e-005 
1.44543977074593e-003	-7.54335153379101e+000 -6.52708866718002e-005 
1.47910838816821e-003	-7.54335153379099e+000 -6.67912409312048e-005 
1.51356124843621e-003	-7.54335153379099e+000 -6.83470087906380e-005 
1.54881661891248e-003	-7.54335153379095e+000 -6.99390151388113e-005 
1.58489319246111e-003	-7.54335153379094e+000 -7.15681040785638e-005 
1.62181009735893e-003	-7.54335153379092e+000 -7.32351393744145e-005 
1.65958690743756e-003	-7.54335153379091e+000 -7.49410049105433e-005 
1.69824365246174e-003	-7.54335153379086e+000 -7.66866051594372e-005 
1.73780082874937e-003	-7.54335153379084e+000 -7.84728656614539e-005 
1.77827941003892e-003	-7.54335153379082e+000 -8.03007335155556e-005 
1.81970085860998e-003	-7.54335153379079e+000 -8.21711778814731e-005 
1.86208713666287e-003	-7.54335153379077e+000 -8.40851904935675e-005 
1.90546071796324e-003	-7.54335153379074e+000 -8.60437861866609e-005 
1.94984459975804e-003	-7.54335153379069e+000 -8.80480034341146e-005 
1.99526231496888e-003	-7.54335153379067e+000 -9.00989048984422e-005 
2.04173794466953e-003	-7.54335153379063e+000 -9.21975779947471e-005 
2.08929613085404e-003	-7.54335153379060e+000 -9.43451354672844e-005 
2.13796208950223e-003	-7.54335153379057e+000 -9.65427159794518e-005 
2.18776162394955e-003	-7.54335153379050e+000 -9.87914847175255e-005 
2.23872113856834e-003	-7.54335153379046e+000 -1.01092634008457e-004 
2.29086765276777e-003	-7.54335153379043e+000 -1.03447383952058e-004 
2.34422881531992e-003	-7.54335153379037e+000 -1.05856983067919e-004 
2.39883291901949e-003	-7.54335153379033e+000 -1.08322708957386e-004 
2.45470891568503e-003	-7.54335153379027e+000 -1.10845868980963e-004 
2.51188643150958e-003	-7.54335153379022e+000 -1.13427800951492e-004 
2.57039578276886e-003	-7.54335153379016e+000 -1.16069873843480e-004 
2.63026799189538e-003	-7.54335153379010e+000 -1.18773488518947e-004 
2.69153480392691e-003	-7.54335153379005e+000 -1.21540078470180e-004 
2.75422870333816e-003	-7.54335153378999e+000 -1.24371110579791e-004 
2.81838293126445e-003	-7.54335153378990e+000 -1.27268085898477e-004 
2.88403150312660e-003	-7.54335153378985e+000 -1.30232540440900e-004 
2.95120922666638e-003	-7.54335153378976e+000 -1.33266046000096e-004 
3.01995172040201e-003	-7.54335153378969e+000 -1.36370210980867e-004 
3.09029543251358e-003	-7.54335153378961e+000 -1.39546681252573e-004 
3.16227766016837e-003	-7.54335153378952e+000 -1.42797141021798e-004 
3.23593656929628e-003	-7.54335153378943e+000 -1.46123313725337e-004 
3.31131121482590e-003	-7.54335153378933e+000 -1.49526962943985e-004 
3.38844156139202e-003	-7.54335153378925e+000 -1.53009893337609e-004 
3.46736850452531e-003	-7.54335153378915e+000 -1.56573951602006e-004 
3.54813389233575e-003	-7.54335153378903e+000 -1.60221027448044e-004 
3.63078054770101e-003	-7.54335153378892e+000 -1.63953054603613e-004 
3.71535229097172e-003	-7.54335153378880e+000 -1.67772011838907e-004 
3.80189396320560e-003	-7.54335153378867e+000 -1.71679924015605e-004 
3.89045144994280e-003	-7.54335153378855e+000 -1.75678863160469e-004 
3.98107170553496e-003	-7.54335153378841e+000 -1.79770949563965e-004 
4.07380277804112e-003	-7.54335153378827e+000 -1.83958352904471e-004 
4.16869383470334e-003	-7.54335153378813e+000 -1.88243293398665e-004 
4.26579518801592e-003	-7.54335153378797e+000 -1.92628042978714e-004 
4.36515832240165e-003	-7.54335153378781e+000 -1.97114926496886e-004 
4.46683592150962e-003	-7.54335153378765e+000 -2.01706322958211e-004 
4.57088189614874e-003	-7.54335153378746e+000 -2.06404666781868e-004 
4.67735141287197e-003	-7.54335153378727e+000 -2.11212449091944e-004 
4.78630092322637e-003	-7.54335153378708e+000 -2.16132219038255e-004 
4.89778819368445e-003	-7.54335153378686e+000 -2.21166585147951e-004 
5.01187233627271e-003	-7.54335153378666e+000 -2.26318216708580e-004 
5.12861383991363e-003	-7.54335153378644e+000 -2.31589845183385e-004 
5.24807460249771e-003	-7.54335153378620e+000 -2.36984265659562e-004 
5.37031796370251e-003	-7.54335153378595e+000 -2.42504338330250e-004 
5.49540873857623e-003	-7.54335153378571e+000 -2.48152990011048e-004 
5.62341325190347e-003	-7.54335153378542e+000 -2.53933215691845e-004 
5.75439937337155e-003	-7.54335153378514e+000 -2.59848080124808e-004 
5.88843655355587e-003	-7.54335153378485e+000 -2.65900719449351e-004 
6.02559586074356e-003	-7.54335153378453e+000 -2.72094342854960e-004 
6.16595001861480e-003	-7.54335153378423e+000 -2.78432234282749e-004 
6.30957344480191e-003	-7.54335153378389e+000 -2.84917754166643e-004 
6.45654229034654e-003	-7.54335153378351e+000 -2.91554341215131e-004 
6.60693448007594e-003	-7.54335153378315e+000 -2.98345514234514e-004 
6.76082975391980e-003	-7.54335153378276e+000 -3.05294873994617e-004 
6.91830970918934e-003	-7.54335153378235e+000 -3.12406105137971e-004 
7.07945784384136e-003	-7.54335153378191e+000 -3.19682978133457e-004 
7.24435960074988e-003	-7.54335153378148e+000 -3.27129351275459e-004 
7.41310241300915e-003	-7.54335153378101e+000 -3.34749172729580e-004 
7.58577575029181e-003	-7.54335153378051e+000 -3.42546482626016e-004 
7.76247116628689e-003	-7.54335153377999e+000 -3.50525415201685e-004 
7.94328234724279e-003	-7.54335153377947e+000 -3.58690200992253e-004 
8.12830516164097e-003	-7.54335153377891e+000 -3.67045169075218e-004 
8.31763771102668e-003	-7.54335153377831e+000 -3.75594749365252e-004 
8.51138038202373e-003	-7.54335153377770e+000 -3.84343474962989e-004 
8.70963589956078e-003	-7.54335153377705e+000 -3.93295984558548e-004 
8.91250938133742e-003	-7.54335153377637e+000 -4.02457024891015e-004 
9.12010839355906e-003	-7.54335153377567e+000 -4.11831453265238e-004 
9.33254300796988e-003	-7.54335153377493e+000 -4.21424240127224e-004 
9.54992586021432e-003	-7.54335153377414e+000 -4.31240471699545e-004 
9.77237220955807e-003	-7.54335153377332e+000 -4.41285352678114e-004 
9.99999999999996e-003	-7.54335153377249e+000 -4.51564208991787e-004 
1.02329299228075e-002	-7.54335153377158e+000 -4.62082490626240e-004 
1.04712854805090e-002	-7.54335153377065e+000 -4.72845774513620e-004 
1.07151930523760e-002	-7.54335153376969e+000 -4.83859767489516e-004 
1.09647819614318e-002	-7.54335153376866e+000 -4.95130309318790e-004 
1.12201845430196e-002	-7.54335153376757e+000 -5.06663375791907e-004 
1.14815362149688e-002	-7.54335153376644e+000 -5.18465081893370e-004 
1.17489755493952e-002	-7.54335153376529e+000 -5.30541685043966e-004 
1.20226443461741e-002	-7.54335153376404e+000 -5.42899588418542e-004 
1.23026877081238e-002	-7.54335153376276e+000 -5.55545344341046e-004 
1.25892541179416e-002	-7.54335153376139e+000 -5.68485657758654e-004 
1.28824955169313e-002	-7.54335153375998e+000 -5.81727389796830e-004 
1.31825673855640e-002	-7.54335153375851e+000 -5.95277561397172e-004 
1.34896288259165e-002	-7.54335153375696e+000 -6.09143357040029e-004 
1.38038426460288e-002	-7.54335153375532e+000 -6.23332128553781e-004 
1.41253754462275e-002	-7.54335153375362e+000 -6.37851399012902e-004 
1.44543977074592e-002	-7.54335153375184e+000 -6.52708866726778e-004 
1.47910838816820e-002	-7.54335153374997e+000 -6.67912409321453e-004 
1.51356124843620e-002	-7.54335153374802e+000 -6.83470087916454e-004 
1.54881661891247e-002	-7.54335153374598e+000 -6.99390151398909e-004 
1.58489319246111e-002	-7.54335153374384e+000 -7.15681040797205e-004 
1.62181009735892e-002	-7.54335153374159e+000 -7.32351393756541e-004 
1.65958690743755e-002	-7.54335153373925e+000 -7.49410049118717e-004 
1.69824365246174e-002	-7.54335153373679e+000 -7.66866051608605e-004 
1.73780082874937e-002	-7.54335153373422e+000 -7.84728656629790e-004 
1.77827941003891e-002	-7.54335153373152e+000 -8.03007335171896e-004 
1.81970085860997e-002	-7.54335153372870e+000 -8.21711778832240e-004 
1.86208713666286e-002	-7.54335153372575e+000 -8.40851904954438e-004 
1.90546071796324e-002	-7.54335153372265e+000 -8.60437861886713e-004 
1.94984459975804e-002	-7.54335153371942e+000 -8.80480034362690e-004 
1.99526231496887e-002	-7.54335153371600e+000 -9.00989049007506e-004 
2.04173794466952e-002	-7.54335153371246e+000 -9.21975779972206e-004 
2.08929613085403e-002	-7.54335153370873e+000 -9.43451354699346e-004 
2.13796208950222e-002	-7.54335153370482e+000 -9.65427159822916e-004 
2.18776162394954e-002	-7.54335153370078e+000 -9.87914847205687e-004 
2.23872113856833e-002	-7.54335153369650e+000 -1.01092634011717e-003 
2.29086765276776e-002	-7.54335153369201e+000 -1.03447383955552e-003 
2.34422881531991e-002	-7.54335153368732e+000 -1.05856983071663e-003 
2.39883291901948e-002	-7.54335153368242e+000 -1.08322708961398e-003 
2.45470891568502e-002	-7.54335153367728e+000 -1.10845868985261e-003 
2.51188643150957e-002	-7.54335153367191e+000 -1.13427800956098e-003 
2.57039578276885e-002	-7.54335153366627e+000 -1.16069873848416e-003 
2.63026799189537e-002	-7.54335153366037e+000 -1.18773488524235e-003 
2.69153480392690e-002	-7.54335153365420e+000 -1.21540078475846e-003 
2.75422870333815e-002	-7.54335153364773e+000 -1.24371110585862e-003 
2.81838293126444e-002	-7.54335153364096e+000 -1.27268085904984e-003 
2.88403150312659e-002	-7.54335153363386e+000 -1.30232540447872e-003 
2.95120922666637e-002	-7.54335153362645e+000 -1.33266046007567e-003 
3.01995172040200e-002	-7.54335153361868e+000 -1.36370210988871e-003 
3.09029543251357e-002	-7.54335153361053e+000 -1.39546681261150e-003 
3.16227766016836e-002	-7.54335153360200e+000 -1.42797141030989e-003 
3.23593656929626e-002	-7.54335153359309e+000 -1.46123313735185e-003 
3.31131121482589e-002	-7.54335153358374e+000 -1.49526962954536e-003 
3.38844156139201e-002	-7.54335153357394e+000 -1.53009893348915e-003 
3.46736850452530e-002	-7.54335153356370e+000 -1.56573951614121e-003 
3.54813389233573e-002	-7.54335153355296e+000 -1.60221027461026e-003 
3.63078054770099e-002	-7.54335153354173e+000 -1.63953054617523e-003 
3.71535229097170e-002	-7.54335153352997e+000 -1.67772011853813e-003 
3.80189396320559e-002	-7.54335153351763e+000 -1.71679924031576e-003 
3.89045144994278e-002	-7.54335153350472e+000 -1.75678863177582e-003 
3.98107170553495e-002	-7.54335153349122e+000 -1.79770949582303e-003 
4.07380277804110e-002	-7.54335153347708e+000 -1.83958352924121e-003 
4.16869383470333e-002	-7.54335153346226e+000 -1.88243293419720e-003 
4.26579518801590e-002	-7.54335153344675e+000 -1.92628043001275e-003 
4.36515832240163e-002	-7.54335153343051e+000 -1.97114926521059e-003 
4.46683592150960e-002	-7.54335153341350e+000 -2.01706322984113e-003 
4.57088189614872e-002	-7.54335153339568e+000 -2.06404666809623e-003 
4.67735141287195e-002	-7.54335153337704e+000 -2.11212449121684e-003 
4.78630092322635e-002	-7.54335153335750e+000 -2.16132219070123e-003 
4.89778819368443e-002	-7.54335153333705e+000 -2.21166585182098e-003 
5.01187233627269e-002	-7.54335153331564e+000 -2.26318216745169e-003 
5.12861383991362e-002	-7.54335153329322e+000 -2.31589845222591e-003 
5.24807460249769e-002	-7.54335153326974e+000 -2.36984265701571e-003 
5.37031796370249e-002	-7.54335153324515e+000 -2.42504338375264e-003 
5.49540873857621e-002	-7.54335153321940e+000 -2.48152990059282e-003 
5.62341325190346e-002	-7.54335153319244e+000 -2.53933215743528e-003 
5.75439937337153e-002	-7.54335153316422e+000 -2.59848080180187e-003 
5.88843655355585e-002	-7.54335153313466e+000 -2.65900719508691e-003 
6.02559586074354e-002	-7.54335153310371e+000 -2.72094342918545e-003 
6.16595001861478e-002	-7.54335153307131e+000 -2.78432234350880e-003 
6.30957344480189e-002	-7.54335153303736e+000 -2.84917754239647e-003 
6.45654229034651e-002	-7.54335153300182e+000 -2.91554341293357e-003 
6.60693448007592e-002	-7.54335153296462e+000 -2.98345514318336e-003 
6.76082975391978e-002	-7.54335153292564e+000 -3.05294874084433e-003 
6.91830970918932e-002	-7.54335153288483e+000 -3.12406105234211e-003 
7.07945784384133e-002	-7.54335153284210e+000 -3.19682978236579e-003 
7.24435960074985e-002	-7.54335153279737e+000 -3.27129351385956e-003 
7.41310241300913e-002	-7.54335153275052e+000 -3.34749172847980e-003 
7.58577575029179e-002	-7.54335153270146e+000 -3.42546482752885e-003 
7.76247116628687e-002	-7.54335153265009e+000 -3.50525415337627e-003 
7.94328234724276e-002	-7.54335153259631e+000 -3.58690201137918e-003 
8.12830516164094e-002	-7.54335153253998e+000 -3.67045169231300e-003 
8.31763771102666e-002	-7.54335153248101e+000 -3.75594749532497e-003 
8.51138038202371e-002	-7.54335153241926e+000 -3.84343475142196e-003 
8.70963589956075e-002	-7.54335153235459e+000 -3.93295984750571e-003 
8.91250938133740e-002	-7.54335153228687e+000 -4.02457025096772e-003 
9.12010839355904e-002	-7.54335153221596e+000 -4.11831453485710e-003 
9.33254300796985e-002	-7.54335153214171e+000 -4.21424240363464e-003 
9.54992586021430e-002	-7.54335153206397e+000 -4.31240471952682e-003 
9.77237220955804e-002	-7.54335153198256e+000 -4.41285352949355e-003 
9.99999999999993e-002	-7.54335153189731e+000 -4.51564209282428e-003 
1.02329299228075e-001	-7.54335153180803e+000 -4.62082490937666e-003 
1.04712854805089e-001	-7.54335153171457e+000 -4.72845774847319e-003 
1.07151930523760e-001	-7.54335153161669e+000 -4.83859767847081e-003 
1.09647819614318e-001	-7.54335153151418e+000 -4.95130309701929e-003 
1.12201845430196e-001	-7.54335153140687e+000 -5.06663376202448e-003 
1.14815362149687e-001	-7.54335153129448e+000 -5.18465082333270e-003 
1.17489755493952e-001	-7.54335153117682e+000 -5.30541685515329e-003 
1.20226443461740e-001	-7.54335153105358e+000 -5.42899588923618e-003 
1.23026877081237e-001	-7.54335153092455e+000 -5.55545344882244e-003 
1.25892541179416e-001	-7.54335153078944e+000 -5.68485658338558e-003 
1.28824955169312e-001	-7.54335153064797e+000 -5.81727390418207e-003 
1.31825673855640e-001	-7.54335153049981e+000 -5.95277562062992e-003 
1.34896288259164e-001	-7.54335153034468e+000 -6.09143357753464e-003 
1.38038426460287e-001	-7.54335153018225e+000 -6.23332129318244e-003 
1.41253754462274e-001	-7.54335153001216e+000 -6.37851399832040e-003 
1.44543977074592e-001	-7.54335152983405e+000 -6.52708867604499e-003 
1.47910838816820e-001	-7.54335152964755e+000 -6.67912410261946e-003 
1.51356124843620e-001	-7.54335152945225e+000 -6.83470088924213e-003 
1.54881661891247e-001	-7.54335152924776e+000 -6.99390152478742e-003 
1.58489319246110e-001	-7.54335152903362e+000 -7.15681041954267e-003 
1.62181009735892e-001	-7.54335152880939e+000 -7.32351394996355e-003 
1.65958690743755e-001	-7.54335152857458e+000 -7.49410050447199e-003 
1.69824365246173e-001	-7.54335152832873e+000 -7.66866053032102e-003 
1.73780082874936e-001	-7.54335152807128e+000 -7.84728658155095e-003 
1.77827941003891e-001	-7.54335152780169e+000 -8.03007336806291e-003 
1.81970085860997e-001	-7.54335152751940e+000 -8.21711780583526e-003 
1.86208713666285e-001	-7.54335152722382e+000 -8.40851906830972e-003 
1.90546071796323e-001	-7.54335152691429e+000 -8.60437863897455e-003 
1.94984459975803e-001	-7.54335152659019e+000 -8.80480036517240e-003 
1.99526231496886e-001	-7.54335152625081e+000 -9.00989051316149e-003 
2.04173794466951e-001	-7.54335152589542e+000 -9.21975782445962e-003 
2.08929613085402e-001	-7.54335152552330e+000 -9.43451357350024e-003 
2.13796208950222e-001	-7.54335152513363e+000 -9.65427162663168e-003 
2.18776162394954e-001	-7.54335152472561e+000 -9.87914850249070e-003 
2.23872113856832e-001	-7.54335152429835e+000 -1.01092634337822e-002 
2.29086765276776e-001	-7.54335152385095e+000 -1.03447384304979e-002 
2.34422881531990e-001	-7.54335152338246e+000 -1.05856983446081e-002 
2.39883291901947e-001	-7.54335152289192e+000 -1.08322709362594e-002 
2.45470891568501e-001	-7.54335152237823e+000 -1.10845869415151e-002 
2.51188643150956e-001	-7.54335152184035e+000 -1.13427801416733e-002 
2.57039578276884e-001	-7.54335152127711e+000 -1.16069874341995e-002 
2.63026799189536e-001	-7.54335152068733e+000 -1.18773489053115e-002 
2.69153480392689e-001	-7.54335152006976e+000 -1.21540079042551e-002 
2.75422870333815e-001	-7.54335151942308e+000 -1.24371111193098e-002 
2.81838293126443e-001	-7.54335151874592e+000 -1.27268086555648e-002 
2.88403150312658e-001	-7.54335151803685e+000 -1.30232541145071e-002 
2.95120922666636e-001	-7.54335151729435e+000 -1.33266046754629e-002 
3.01995172040199e-001	-7.54335151651687e+000 -1.36370211789364e-002 
3.09029543251357e-001	-7.54335151570274e+000 -1.39546682118893e-002 
3.16227766016835e-001	-7.54335151485025e+000 -1.42797141950077e-002 
3.23593656929626e-001	-7.54335151395760e+000 -1.46123314720005e-002 
3.31131121482589e-001	-7.54335151302284e+000 -1.49526964009791e-002 
3.38844156139200e-001	-7.54335151204404e+000 -1.53009894479640e-002 
3.46736850452529e-001	-7.54335151101914e+000 -1.56573952825715e-002 
3.54813389233573e-001	-7.54335150994591e+000 -1.60221028759272e-002 
3.63078054770098e-001	-7.54335150882210e+000 -1.63953056008619e-002 
3.71535229097170e-001	-7.54335150764534e+000 -1.67772013344399e-002 
3.80189396320558e-001	-7.54335150641311e+000 -1.71679925628768e-002 
3.89045144994277e-001	-7.54335150512282e+000 -1.75678864889004e-002 
3.98107170553494e-001	-7.54335150377169e+000 -1.79770951416125e-002 
4.07380277804109e-001	-7.54335150235691e+000 -1.83958354889096e-002 
4.16869383470332e-001	-7.54335150087545e+000 -1.88243295525229e-002 
4.26579518801589e-001	-7.54335149932416e+000 -1.92628045257368e-002 
4.36515832240162e-001	-7.54335149769979e+000 -1.97114928938507e-002 
4.46683592150959e-001	-7.54335149599884e+000 -2.01706325574455e-002 
4.57088189614871e-001	-7.54335149421773e+000 -2.06404669585224e-002 
4.67735141287194e-001	-7.54335149235266e+000 -2.11212452095794e-002 
4.78630092322634e-001	-7.54335149039973e+000 -2.16132222256940e-002 
4.89778819368442e-001	-7.54335148835474e+000 -2.21166588596834e-002 
5.01187233627268e-001	-7.54335148621338e+000 -2.26318220404124e-002 
5.12861383991360e-001	-7.54335148397109e+000 -2.31589849143231e-002 
5.24807460249768e-001	-7.54335148162312e+000 -2.36984269902614e-002 
5.37031796370248e-001	-7.54335147916452e+000 -2.42504342876763e-002 
5.49540873857620e-001	-7.54335147659004e+000 -2.48152994882724e-002 
5.62341325190344e-001	-7.54335147389422e+000 -2.53933220911940e-002 
5.75439937337152e-001	-7.54335147107134e+000 -2.59848085718240e-002 
5.88843655355584e-001	-7.54335146811544e+000 -2.65900725442822e-002 
6.02559586074352e-001	-7.54335146502024e+000 -2.72094349277080e-002 
6.16595001861477e-001	-7.54335146177915e+000 -2.78432241164174e-002 
6.30957344480188e-001	-7.54335145838531e+000 -2.84917761540223e-002 
6.45654229034650e-001	-7.54335145483153e+000 -2.91554349116066e-002 
6.60693448007590e-001	-7.54335145111026e+000 -2.98345522700518e-002 
6.76082975391976e-001	-7.54335144721362e+000 -3.05294883066104e-002 
6.91830970918930e-001	-7.54335144313336e+000 -3.12406114858244e-002 
7.07945784384132e-001	-7.54335143886077e+000 -3.19682988548917e-002 
7.24435960074984e-001	-7.54335143438682e+000 -3.27129362435825e-002 
7.41310241300911e-001	-7.54335142970203e+000 -3.34749184688128e-002 
7.58577575029177e-001	-7.54335142479644e+000 -3.42546495439832e-002 
7.76247116628685e-001	-7.54335141965968e+000 -3.50525428931936e-002 
7.94328234724274e-001	-7.54335141428082e+000 -3.58690215704481e-002 
8.12830516164092e-001	-7.54335140864845e+000 -3.67045184839656e-002 
8.31763771102663e-001	-7.54335140275065e+000 -3.75594766257150e-002 
8.51138038202369e-001	-7.54335139657490e+000 -3.84343493062985e-002 
8.70963589956073e-001	-7.54335139010810e+000 -3.93296003953043e-002 
8.91250938133737e-001	-7.54335138333651e+000 -4.02457045672591e-002 
9.12010839355901e-001	-7.54335137624578e+000 -4.11831475533097e-002 
9.33254300796982e-001	-7.54335136882090e+000 -4.21424263987666e-002 
9.54992586021427e-001	-7.54335136104608e+000 -4.31240497266469e-002 
9.77237220955801e-001	-7.54335135290485e+000 -4.41285380073567e-002 
9.99999999999990e-001	-7.54335134437994e+000 -4.51564238346544e-002 
1.02329299228074e+000	-7.54335133545326e+000 -4.62082522080428e-002 
1.04712854805089e+000	-7.54335132610586e+000 -4.72845808217390e-002 
1.07151930523760e+000	-7.54335131631797e+000 -4.83859803603757e-002 
1.09647819614317e+000	-7.54335130606878e+000 -4.95130348015897e-002 
1.12201845430195e+000	-7.54335129533654e+000 -5.06663417256604e-002 
1.14815362149687e+000	-7.54335128409850e+000 -5.18465126323591e-002 
1.17489755493952e+000	-7.54335127233086e+000 -5.30541732651807e-002 
1.20226443461740e+000	-7.54335126000863e+000 -5.42899639431264e-002 
1.23026877081237e+000	-7.54335124710566e+000 -5.55545399002162e-002 
1.25892541179415e+000	-7.54335123359459e+000 -5.68485716329096e-002 
1.28824955169312e+000	-7.54335121944677e+000 -5.81727452556187e-002 
1.31825673855639e+000	-7.54335120463217e+000 -5.95277628645036e-002 
1.34896288259164e+000	-7.54335118911941e+000 -6.09143429097412e-002 
1.38038426460287e+000	-7.54335117287553e+000 -6.23332205764659e-002 
1.41253754462274e+000	-7.54335115586612e+000 -6.37851481745848e-002 
1.44543977074591e+000	-7.54335113805507e+000 -6.52708955376727e-002 
1.47910838816819e+000	-7.54335111940462e+000 -6.67912504311584e-002 
1.51356124843619e+000	-7.54335109987522e+000 -6.83470189700214e-002 
1.54881661891247e+000	-7.54335107942542e+000 -6.99390260462175e-002 
1.58489319246110e+000	-7.54335105801184e+000 -7.15681157660598e-002 
1.62181009735891e+000	-7.54335103558909e+000 -7.32351518977923e-002 
1.65958690743754e+000	-7.54335101210960e+000 -7.49410183295842e-002 
1.69824365246173e+000	-7.54335098752354e+000 -7.66866195381987e-002 
1.73780082874936e+000	-7.54335096177878e+000 -7.84728810685744e-002 
1.77827941003890e+000	-7.54335093482074e+000 -8.03007500245826e-002 
1.81970085860996e+000	-7.54335090659220e+000 -8.21711955712143e-002 
1.86208713666285e+000	-7.54335087703328e+000 -8.40852094484665e-002 
1.90546071796323e+000	-7.54335084608131e+000 -8.60438064972010e-002 
1.94984459975802e+000	-7.54335081367064e+000 -8.80480251972506e-002 
1.99526231496886e+000	-7.54335077973249e+000 -9.00989282180626e-002 
2.04173794466951e+000	-7.54335074419490e+000 -9.21976029821705e-002 
2.08929613085402e+000	-7.54335070698250e+000 -9.43451622417908e-002 
2.13796208950221e+000	-7.54335066801633e+000 -9.65427446688520e-002 
2.18776162394953e+000	-7.54335062721377e+000 -9.87915154587719e-002 
2.23872113856832e+000	-7.54335058448824e+000 -1.01092666948295e-001 
2.29086765276775e+000	-7.54335053974915e+000 -1.03447419247731e-001 
2.34422881531990e+000	-7.54335049290157e+000 -1.05857020887914e-001 
2.39883291901946e+000	-7.54335044384618e+000 -1.08322749482241e-001 
2.45470891568500e+000	-7.54335039247889e+000 -1.10845912404127e-001 
2.51188643150955e+000	-7.54335033869076e+000 -1.13427847480250e-001 
2.57039578276884e+000	-7.54335028236769e+000 -1.16069923699943e-001 
2.63026799189535e+000	-7.54335022339023e+000 -1.18773541941109e-001 
2.69153480392689e+000	-7.54335016163328e+000 -1.21540135713057e-001 
2.75422870333814e+000	-7.54335009696584e+000 -1.24371171916638e-001 
2.81838293126442e+000	-7.54335002925077e+000 -1.27268151622093e-001 
2.88403150312657e+000	-7.54334995834441e+000 -1.30232610865023e-001 
2.95120922666635e+000	-7.54334988409639e+000 -1.33266121460903e-001 
3.01995172040198e+000	-7.54334980634923e+000 -1.36370291838577e-001 
3.09029543251356e+000	-7.54334972493799e+000 -1.39546767893170e-001 
3.16227766016834e+000	-7.54334963969004e+000 -1.42797233858869e-001 
3.23593656929625e+000	-7.54334955042453e+000 -1.46123413202050e-001 
3.31131121482587e+000	-7.54334945695213e+000 -1.49527069535202e-001 
3.38844156139199e+000	-7.54334935907460e+000 -1.53010007552155e-001 
3.46736850452528e+000	-7.54334925658433e+000 -1.56574073985096e-001 
3.54813389233571e+000	-7.54334914926393e+000 -1.60221158583886e-001 
3.63078054770097e+000	-7.54334903688578e+000 -1.63953195118197e-001 
3.71535229097168e+000	-7.54334891921154e+000 -1.67772162402995e-001 
3.80189396320557e+000	-7.54334879599157e+000 -1.71680085347930e-001 
3.89045144994276e+000	-7.54334866696459e+000 -1.75679036031167e-001 
3.98107170553492e+000	-7.54334853185689e+000 -1.79771134798254e-001 
4.07380277804108e+000	-7.54334839038193e+000 -1.83958551386584e-001 
4.16869383470330e+000	-7.54334824223963e+000 -1.88243506076077e-001 
4.26579518801587e+000	-7.54334808711581e+000 -1.92628270866663e-001 
4.36515832240161e+000	-7.54334792468144e+000 -1.97115170683218e-001 
4.46683592150958e+000	-7.54334775459200e+000 -2.01706584608575e-001 
4.57088189614869e+000	-7.54334757648677e+000 -2.06404947145280e-001 
4.67735141287192e+000	-7.54334738998797e+000 -2.11212749506746e-001 
4.78630092322632e+000	-7.54334719470006e+000 -2.16132540938509e-001 
4.89778819368440e+000	-7.54334699020886e+000 -2.21166930070280e-001 
5.01187233627266e+000	-7.54334677608065e+000 -2.26318586299505e-001 
5.12861383991358e+000	-7.54334655186131e+000 -2.31590241207187e-001 
5.24807460249766e+000	-7.54334631707528e+000 -2.36984690006700e-001 
5.37031796370246e+000	-7.54334607122463e+000 -2.42504793026389e-001 
5.49540873857618e+000	-7.54334581378793e+000 -2.48153477226726e-001 
5.62341325190342e+000	-7.54334554421922e+000 -2.53933737752834e-001 
5.75439937337150e+000	-7.54334526194673e+000 -2.59848639523218e-001 
5.88843655355582e+000	-7.54334496637191e+000 -2.65901318855528e-001 
6.02559586074350e+000	-7.54334465686785e+000 -2.72094985130230e-001 
6.16595001861474e+000	-7.54334433277815e+000 -2.78432922493075e-001 
6.30957344480185e+000	-7.54334399341552e+000 -2.84918491597267e-001 
6.45654229034647e+000	-7.54334363806026e+000 -2.91555131386251e-001 
6.60693448007587e+000	-7.54334326595874e+000 -2.98346360918089e-001 
6.76082975391973e+000	-7.54334287632186e+000 -3.05295781232375e-001 
6.91830970918928e+000	-7.54334246832331e+000 -3.12407077260700e-001 
7.07945784384129e+000	-7.54334204109787e+000 -3.19684019781680e-001 
7.24435960074981e+000	-7.54334159373955e+000 -3.27130467421585e-001 
7.41310241300908e+000	-7.54334112529968e+000 -3.34750368701641e-001 
7.58577575029174e+000	-7.54334063478485e+000 -3.42547764133101e-001 
7.76247116628682e+000	-7.54334012115496e+000 -3.50526788361190e-001 
7.94328234724271e+000	-7.54333958332078e+000 -3.58691672359085e-001 
8.12830516164089e+000	-7.54333902014183e+000 -3.67046745673088e-001 
8.31763771102660e+000	-7.54333843042392e+000 -3.75596438720197e-001 
8.51138038202365e+000	-7.54333781291657e+000 -3.84345285139307e-001 
8.70963589956069e+000	-7.54333716631041e+000 -3.93297924197281e-001 
8.91250938133734e+000	-7.54333648923437e+000 -4.02459103251211e-001 
9.12010839355898e+000	-7.54333578025282e+000 -4.11833680268139e-001 
9.33254300796979e+000	-7.54333503786249e+000 -4.21426626403633e-001 
9.54992586021423e+000	-7.54333426048932e+000 -4.31243028640570e-001 
9.77237220955798e+000	-7.54333344648508e+000 -4.41288092489544e-001 
9.99999999999987e+000	-7.54333259412392e+000 -4.51567144752356e-001 
1.02329299228074e+001	-7.54333170159873e+000 -4.62085636350059e-001 
1.04712854805089e+001	-7.54333076701722e+000 -4.72849145217079e-001 
1.07151930523759e+001	-7.54332978839806e+000 -4.83863379262962e-001 
1.09647819614317e+001	-7.54332876366658e+000 -4.95134179403334e-001 
1.12201845430195e+001	-7.54332769065036e+000 -5.06667522661725e-001 
1.14815362149687e+001	-7.54332656707474e+000 -5.18469525343894e-001 
1.17489755493951e+001	-7.54332539055792e+000 -5.30546446286378e-001 
1.20226443461740e+001	-7.54332415860596e+000 -5.42904690181021e-001 
1.23026877081236e+001	-7.54332286860748e+000 -5.55550810977268e-001 
1.25892541179415e+001	-7.54332151782809e+000 -5.68491515364042e-001 
1.28824955169312e+001	-7.54332010340478e+000 -5.81733666333121e-001 
1.31825673855639e+001	-7.54331862233962e+000 -5.95284286825899e-001 
1.34896288259164e+001	-7.54331707149363e+000 -6.09150563465529e-001 
1.38038426460287e+001	-7.54331544758004e+000 -6.23339850376468e-001 
1.41253754462274e+001	-7.54331374715734e+000 -6.37859673093455e-001 
1.44543977074591e+001	-7.54331196662206e+000 -6.52717732562110e-001 
1.47910838816819e+001	-7.54331010220108e+000 -6.67921909233244e-001 
1.51356124843619e+001	-7.54330814994374e+000 -6.83480267253180e-001 
1.54881661891246e+001	-7.54330610571344e+000 -6.99401058752304e-001 
1.58489319246109e+001	-7.54330396517893e+000 -7.15692728234223e-001 
1.62181009735891e+001	-7.54330172380510e+000 -7.32363917067885e-001 
1.65958690743754e+001	-7.54329937684355e+000 -7.49423468085165e-001 
1.69824365246172e+001	-7.54329691932237e+000 -7.66880430286374e-001 
1.73780082874935e+001	-7.54329434603583e+000 -7.84744063656299e-001 
1.77827941003890e+001	-7.54329165153326e+000 -8.03023844093407e-001 
1.81970085860996e+001	-7.54328883010766e+000 -8.21729468454927e-001 
1.86208713666284e+001	-7.54328587578361e+000 -8.40870859720566e-001 
1.90546071796322e+001	-7.54328278230468e+000 -8.60458172277719e-001 
1.94984459975802e+001	-7.54327954312019e+000 -8.80501797331091e-001 
1.99526231496885e+001	-7.54327615137155e+000 -9.01012368439696e-001 
2.04173794466950e+001	-7.54327259987768e+000 -9.22000767184345e-001 
2.08929613085401e+001	-7.54326888111997e+000 -9.43478128968717e-001 
2.13796208950220e+001	-7.54326498722639e+000 -9.65455848957290e-001 
2.18776162394952e+001	-7.54326090995502e+000 -9.87945588153398e-001 
2.23872113856831e+001	-7.54325664067657e+000 -1.01095927962083e+000 
2.29086765276774e+001	-7.54325217035643e+000 -1.03450913485244e+000 
2.34422881531989e+001	-7.54324748953553e+000 -1.05860765028942e+000 
2.39883291901946e+001	-7.54324258831053e+000 -1.08326761399474e+000 
2.45470891568500e+001	-7.54323745631306e+000 -1.10850211248471e+000 
2.51188643150954e+001	-7.54323208268788e+000 -1.13432453772237e+000 
2.57039578276883e+001	-7.54322645607021e+000 -1.16074859427682e+000 
2.63026799189534e+001	-7.54322056456183e+000 -1.18778830665244e+000 
2.69153480392688e+001	-7.54321439570619e+000 -1.21545802679228e+000 
2.75422870333813e+001	-7.54320793646231e+000 -1.24377244175983e+000 
2.81838293126441e+001	-7.54320117317752e+000 -1.27274658160372e+000 
2.88403150312656e+001	-7.54319409155892e+000 -1.30239582740973e+000 
2.95120922666634e+001	-7.54318667664341e+000 -1.33273591954488e+000 
3.01995172040197e+001	-7.54317891276662e+000 -1.36378296609842e+000 
3.09029543251355e+001	-7.54317078353001e+000 -1.39555345152448e+000 
3.16227766016833e+001	-7.54316227176690e+000 -1.42806424549169e+000 
3.23593656929624e+001	-7.54315335950654e+000 -1.46133261194482e+000 
3.31131121482586e+001	-7.54314402793678e+000 -1.49537621838379e+000 
3.38844156139198e+001	-7.54313425736492e+000 -1.53021314536568e+000 
3.46736850452527e+001	-7.54312402717681e+000 -1.56586189623539e+000 
3.54813389233570e+001	-7.54311331579408e+000 -1.60234140709068e+000 
3.63078054770096e+001	-7.54310210062937e+000 -1.63967105698777e+000 
3.71535229097167e+001	-7.54309035803953e+000 -1.67787067839361e+000 
3.80189396320556e+001	-7.54307806327681e+000 -1.71696056789122e+000 
3.89045144994275e+001	-7.54306519043755e+000 -1.75696149714467e+000 
3.98107170553491e+001	-7.54305171240889e+000 -1.79789472413058e+000 
4.07380277804107e+001	-7.54303760081282e+000 -1.83978200464296e+000 
4.16869383470329e+001	-7.54302282594775e+000 -1.88264560407879e+000 
4.26579518801586e+001	-7.54300735672756e+000 -1.92650830951159e+000 
4.36515832240159e+001	-7.54299116061770e+000 -1.97139344206091e+000 
4.46683592150956e+001	-7.54297420356863e+000 -2.01732486956539e+000 
4.57088189614868e+001	-7.54295644994616e+000 -2.06432701956778e+000 
4.67735141287191e+001	-7.54293786245868e+000 -2.11242489262035e+000 
4.78630092322631e+001	-7.54291840208121e+000 -2.16164407591928e+000 
4.89778819368439e+001	-7.54289802797596e+000 -2.21201075727729e+000 
5.01187233627265e+001	-7.54287669740959e+000 -2.26355173944370e+000 
5.12861383991357e+001	-7.54285436566651e+000 -2.31629445478160e+000 
5.24807460249765e+001	-7.54283098595866e+000 -2.37026698031220e+000 
5.37031796370245e+001	-7.54280650933111e+000 -2.42549805313671e+000 
5.49540873857616e+001	-7.54278088456370e+000 -2.48201708624635e+000 
5.62341325190340e+001	-7.54275405806829e+000 -2.53985418473182e+000 
5.75439937337148e+001	-7.54272597378161e+000 -2.59904016240352e+000 
5.88843655355580e+001	-7.54269657305350e+000 -2.65960655883471e+000 
6.02559586074348e+001	-7.54266579453028e+000 -2.72158565683975e+000 
6.16595001861473e+001	-7.54263357403327e+000 -2.78501050040055e+000 
6.30957344480184e+001	-7.54259984443199e+000 -2.84991491305435e+000 
6.45654229034646e+001	-7.54256453551217e+000 -2.91633351675688e+000 
6.60693448007586e+001	-7.54252757383805e+000 -2.98430175123528e+000 
6.76082975391971e+001	-7.54248888260910e+000 -3.05385589384580e+000 
6.91830970918926e+001	-7.54244838151074e+000 -3.12503307995179e+000 
7.07945784384127e+001	-7.54240598655882e+000 -3.19787132383836e+000 
7.24435960074979e+001	-7.54236160993795e+000 -3.27240954018063e+000 
7.41310241300906e+001	-7.54231515983312e+000 -3.34868756608307e+000 
7.58577575029172e+001	-7.54226654025474e+000 -3.42674618370848e+000 
7.76247116628680e+001	-7.54221565085654e+000 -3.50662714351561e+000 
7.94328234724269e+001	-7.54216238674644e+000 -3.58837318812559e+000 
8.12830516164086e+001	-7.54210663829013e+000 -3.67202807683795e+000 
8.31763771102658e+001	-7.54204829090687e+000 -3.75763661081806e+000 
8.51138038202363e+001	-7.54198722485780e+000 -3.84524465897881e+000 
8.70963589956067e+001	-7.54192331502626e+000 -3.93489918458040e+000 
8.91250938133731e+001	-7.54185643069000e+000 -4.02664827257316e+000 
9.12010839355895e+001	-7.54178643528503e+000 -4.12054115770940e+000 
9.33254300796976e+001	-7.54171318616136e+000 -4.21662825345187e+000 
9.54992586021420e+001	-7.54163653432996e+000 -4.31496118170731e+000 
9.77237220955795e+001	-7.54155632420117e+000 -4.41559280341507e+000 
9.99999999999984e+001	-7.54147239331434e+000 -4.51857725002253e+000 
1.02329299228074e+002	-7.54138457205882e+000 -4.62396995588019e+000 
1.04712854805088e+002	-7.54129268338597e+000 -4.73182769159124e+000 
1.07151930523759e+002	-7.54119654251243e+000 -4.84220859835199e+000 
1.09647819614317e+002	-7.54109595661462e+000 -4.95517222332157e+000 
1.12201845430195e+002	-7.54099072451465e+000 -5.07077955606125e+000 
1.14815362149686e+002	-7.54088063635750e+000 -5.18909306608553e+000 
1.17489755493951e+002	-7.54076547328017e+000 -5.31017674156998e+000 
1.20226443461739e+002	-7.54064500707262e+000 -5.43409612926252e+000 
1.23026877081236e+002	-7.54051899983109e+000 -5.56091837564779e+000 
1.25892541179415e+002	-7.54038720360418e+000 -5.69071226941676e+000 
1.28824955169311e+002	-7.54024936003241e+000 -5.82354828529656e+000 
1.31825673855639e+002	-7.54010519998154e+000 -5.95949862929873e+000 
1.34896288259163e+002	-7.53995444317092e+000 -6.09863728544683e+000 
1.38038426460286e+002	-7.53979679779744e+000 -6.24104006404839e+000 
1.41253754462273e+002	-7.53963196015627e+000 -6.38678465157936e+000 
1.44543977074590e+002	-7.53945961425977e+000 -6.53595066225320e+000 
1.47910838816818e+002	-7.53927943145609e+000 -6.68861969135110e+000 
1.51356124843618e+002	-7.53909107004871e+000 -6.84487537039356e+000 
1.54881661891246e+002	-7.53889417491953e+000 -7.00480342423938e+000 
1.58489319246109e+002	-7.53868837715724e+000 -7.16849173020156e+000 
1.62181009735890e+002	-7.53847329369367e+000 -7.33603037927633e+000 
1.65958690743753e+002	-7.53824852695111e+000 -7.50751173958611e+000 
1.69824365246172e+002	-7.53801366450364e+000 -7.68303052214388e+000 
1.73780082874935e+002	-7.53776827875643e+000 -7.86268384905232e+000 
1.77827941003889e+002	-7.53751192664692e+000 -8.04657132425828e+000 
1.81970085860995e+002	-7.53724414937272e+000 -8.23479510698993e+000 
1.86208713666284e+002	-7.53696447215153e+000 -8.42745998801217e+000 
1.90546071796321e+002	-7.53667240401912e+000 -8.62467346884347e+000 
1.94984459975801e+002	-7.53636743767157e+000 -8.82654584408660e+000 
1.99526231496885e+002	-7.53604904935986e+000 -9.03319028703443e+000 
2.04173794466949e+002	-7.53571669884472e+000 -9.24472293872250e+000 
2.08929613085400e+002	-7.53536982942126e+000 -9.46126300060966e+000 
2.13796208950220e+002	-7.53500786802373e+000 -9.68293283108040e+000 
2.18776162394951e+002	-7.53463022542212e+000 -9.90985804597306e+000 
2.23872113856830e+002	-7.53423629652350e+000 -1.01421676233520e+001 
2.29086765276773e+002	-7.53382546079270e+000 -1.03799940127545e+001 
2.34422881531988e+002	-7.53339708280826e+000 -1.06234732491565e+001 
2.39883291901945e+002	-7.53295051297180e+000 -1.08727450719197e+001 
2.45470891568499e+002	-7.53248508839051e+000 -1.11279530489936e+001 
2.51188643150954e+002	-7.53200013395524e+000 -1.13892447066679e+001 
2.57039578276882e+002	-7.53149496363867e+000 -1.16567716651857e+001 
2.63026799189534e+002	-7.53096888204096e+000 -1.19306897805476e+001 
2.69153480392687e+002	-7.53042118621345e+000 -1.22111592928584e+001 
2.75422870333812e+002	-7.52985116779415e+000 -1.24983449815878e+001 
2.81838293126440e+002	-7.52925811549242e+000 -1.27924163281396e+001 
2.88403150312655e+002	-7.52864131796477e+000 -1.30935476861479e+001 
2.95120922666633e+002	-7.52800006712770e+000 -1.34019184599449e+001 
3.01995172040196e+002	-7.52733366195881e+000 -1.37177132916682e+001 
3.09029543251354e+002	-7.52664141284341e+000 -1.40411222575071e+001 
3.16227766016832e+002	-7.52592264652901e+000 -1.43723410736141e+001 
3.23593656929622e+002	-7.52517671175805e+000 -1.47115713122386e+001 
3.31131121482585e+002	-7.52440298565612e+000 -1.50590206286716e+001 
3.38844156139196e+002	-7.52360088096138e+000 -1.54149029996240e+001 
3.46736850452525e+002	-7.52276985419043e+000 -1.57794389736941e+001 
3.54813389233569e+002	-7.52190941484592e+000 -1.61528559346168e+001 
3.63078054770095e+002	-7.52101913578273e+000 -1.65353883780211e+001 
3.71535229097166e+002	-7.52009866486184e+000 -1.69272782024634e+001 
3.80189396320554e+002	-7.51914773803550e+000 -1.73287750155372e+001 
3.89045144994273e+002	-7.51816619402215e+000 -1.77401364559036e+001 
3.98107170553490e+002	-7.51715399074701e+000 -1.81616285321201e+001 
4.07380277804105e+002	-7.51611122374291e+000 -1.85935259791863e+001 
4.16869383470328e+002	-7.51503814672704e+000 -1.90361126337607e+001 
4.26579518801585e+002	-7.51393519459230e+000 -1.94896818290385e+001 
4.36515832240158e+002	-7.51280300907754e+000 -1.99545368103117e+001 
4.46683592150955e+002	-7.51164246740932e+000 -2.04309911722632e+001 
4.57088189614867e+002	-7.51045471423874e+000 -2.09193693190715e+001 
4.67735141287189e+002	-7.50924119723237e+000 -2.14200069484180e+001 
4.78630092322629e+002	-7.50800370671295e+000 -2.19332515605036e+001 
4.89778819368437e+002	-7.50674441978921e+000 -2.24594629931775e+001 
5.01187233627263e+002	-7.50546594945946e+000 -2.29990139842722e+001 
5.12861383991355e+002	-7.50417139922543e+000 -2.35522907622094e+001 
5.24807460249763e+002	-7.50286442380890e+000 -2.41196936658955e+001 
5.37031796370243e+002	-7.50154929662587e+000 -2.47016377948577e+001 
5.49540873857614e+002	-7.50023098474101e+000 -2.52985536904707e+001 
5.62341325190338e+002	-7.49891523210014e+000 -2.59108880489981e+001 
5.75439937337146e+002	-7.49760865192000e+000 -2.65391044669959e+001 
5.88843655355578e+002	-7.49631882920494e+000 -2.71836842194110e+001 
6.02559586074346e+002	-7.49505443445676e+000 -2.78451270704267e+001 
6.16595001861470e+002	-7.49382534975157e+000 -2.85239521167635e+001 
6.30957344480181e+002	-7.49264280847192e+000 -2.92206986627167e+001 
6.45654229034643e+002	-7.49151955010813e+000 -2.99359271256912e+001 
6.60693448007583e+002	-7.49046999167642e+000 -3.06702199703579e+001 
6.76082975391969e+002	-7.48951041744612e+000 -3.14241826687925e+001 
6.91830970918923e+002	-7.48865918882146e+000 -3.21984446830345e+001 
7.07945784384124e+002	-7.48793697638587e+000 -3.29936604654066e+001 
7.24435960074976e+002	-7.48736701628693e+000 -3.38105104706239e+001 
7.41310241300903e+002	-7.48697539331749e+000 -3.46497021721697e+001 
7.58577575029169e+002	-7.48679135322880e+000 -3.55119710735870e+001 
7.76247116628677e+002	-7.48684764699401e+000 -3.63980817031773e+001 
7.94328234724266e+002	-7.48718090992032e+000 -3.73088285780837e+001 
8.12830516164084e+002	-7.48783207867666e+000 -3.82450371207889e+001 
8.31763771102655e+002	-7.48884684946094e+000 -3.92075645076566e+001 
8.51138038202360e+002	-7.49027618065708e+000 -4.01973004251880e+001 
8.70963589956064e+002	-7.49217684342617e+000 -4.12151677051394e+001 
8.91250938133728e+002	-7.49461202371326e+000 -4.22621228044425e+001 
9.12010839355892e+002	-7.49765197912023e+000 -4.33391560899712e+001 
9.33254300796973e+002	-7.50137475396829e+000 -4.44472918815096e+001 
9.54992586021417e+002	-7.50586695562536e+000 -4.55875881987948e+001 
9.77237220955792e+002	-7.51122459476905e+000 -4.67611361501637e+001 
9.99999999999981e+002	-7.51755399165634e+000 -4.79690588911673e+001 
1.02329299228073e+003	-7.52497274962860e+000 -4.92125100715322e+001 
1.04712854805088e+003	-7.53361079594230e+000 -5.04926716781549e+001 
1.07151930523759e+003	-7.54361148851961e+000 -5.18107511705704e+001 
1.09647819614316e+003	-7.55513278529205e+000 -5.31679777937801e+001 
1.12201845430194e+003	-7.56834847038995e+000 -5.45655979418444e+001 
1.14815362149686e+003	-7.58344942843557e+000 -5.60048694347441e+001 
1.17489755493951e+003	-7.60064495455026e+000 -5.74870545614006e+001 
1.20226443461739e+003	-7.62016408331883e+000 -5.90134117343185e+001 
1.23026877081236e+003	-7.64225691480914e+000 -6.05851855972418e+001 
1.25892541179414e+003	-7.66719590979288e+000 -6.22035954279112e+001 
1.28824955169311e+003	-7.69527711956155e+000 -6.38698216852040e+001 
1.31825673855638e+003	-7.72682130824432e+000 -6.55849905656095e+001 
1.34896288259163e+003	-7.76217491745353e+000 -6.73501564603892e+001 
1.38038426460286e+003	-7.80171081464705e+000 -6.91662822442878e+001 
1.41253754462273e+003	-7.84582875817433e+000 -7.10342173817211e+001 
1.44543977074590e+003	-7.89495550407167e+000 -7.29546739092088e+001 
1.47910838816818e+003	-7.94954447297360e+000 -7.49282004451739e+001 
1.51356124843618e+003	-8.01007489085545e+000 -7.69551544909821e+001 
1.54881661891245e+003	-8.07705031573144e+000 -7.90356734197369e+001 
1.58489319246108e+003	-8.15099646503162e+000 -8.11696446995393e+001 
1.62181009735890e+003	-8.23245826636646e+000 -8.33566760608546e+001 
1.65958690743753e+003	-8.32199606889447e+000 -8.55960664856413e+001 
1.69824365246171e+003	-8.42018097447695e+000 -8.78867790581335e+001 
1.73780082874934e+003	-8.52758927778492e+000 -9.02274168596144e+001 
1.77827941003889e+003	-8.64479604247223e+000 -9.26162031955397e+001 
1.81970085860995e+003	-8.77236788559821e+000 -9.50509674946901e+001 
1.86208713666283e+003	-8.91085509285972e+000 -9.75291381985583e+001 
1.90546071796321e+003	-9.06078324001086e+000 -1.00047743849212e+002 
1.94984459975801e+003	-9.22264454725232e+000 -1.02603423374907e+002 
1.99526231496884e+003	-9.39688923872908e+000 -1.05192446262165e+002 
2.04173794466949e+003	-9.58391721359245e+000 -1.07810742898597e+002 
2.08929613085400e+003	-9.78407035357839e+000 -1.10453944891745e+002 
2.13796208950219e+003	-9.99762579083269e+000 -1.13117434646390e+002 
2.18776162394951e+003	-1.02247904364465e+001 -1.15796402956209e+002 
2.23872113856829e+003	-1.04656970246281e+001 -1.18485912880962e+002 
2.29086765276773e+003	-1.07204018618166e+001 -1.21180967783054e+002 
2.34422881531987e+003	-1.09888843888626e+001 -1.23876581127114e+002 
2.39883291901944e+003	-1.12710485741199e+001 -1.26567845530940e+002 
2.45470891568498e+003	-1.15667260635016e+001 -1.29249998608159e+002 
2.51188643150953e+003	-1.18756809280694e+001 -1.31918483356565e+002 
2.57039578276881e+003	-1.21976157775246e+001 -1.34569001199087e+002 
2.63026799189533e+003	-1.25321789543998e+001 -1.37197556240847e+002 
2.69153480392686e+003	-1.28789724918994e+001 -1.39800489821838e+002 
2.75422870333811e+003	-1.32375605089012e+001 -1.42374504974018e+002 
2.81838293126440e+003	-1.36074777270127e+001 -1.44916680891398e+002 
2.88403150312655e+003	-1.39882378234096e+001 -1.47424477957368e+002 
2.95120922666632e+003	-1.43793413749424e+001 -1.49895734221171e+002 
3.01995172040195e+003	-1.47802831986871e+001 -1.52328654463141e+002 
3.09029543251353e+003	-1.51905589469136e+001 -1.54721793134894e+002 
3.16227766016831e+003	-1.56096708661561e+001 -1.57074032513983e+002 
3.23593656929621e+003	-1.60371326774426e+001 -1.59384557386565e+002 
3.31131121482584e+003	-1.64724735755522e+001 -1.61652827483943e+002 
3.38844156139195e+003	-1.69152413782282e+001 -1.63878548767836e+002 
3.46736850452524e+003	-1.73650048812502e+001 -1.66061644502371e+002 
3.54813389233568e+003	-1.78213554925054e+001 -1.68202226883116e+002 
3.63078054770094e+003	-1.82839082285180e+001 -1.70300569827167e+002 
3.71535229097165e+003	-1.87523021613742e+001 -1.72357083372139e+002 
3.80189396320553e+003	-1.92262004038021e+001 -1.74372289991837e+002 
3.89045144994272e+003	-1.97052897165084e+001 -1.76346803015547e+002 
3.98107170553489e+003	-2.01892798157849e+001 -1.78281307237491e+002 
4.07380277804104e+003	-2.06779024518032e+001 1.79823458277383e+002 
4.16869383470326e+003	-2.11709103196532e+001 1.77966715246940e+002 
4.26579518801584e+003	-2.16680758566220e+001 1.76147659185719e+002 
4.36515832240157e+003	-2.21691899708822e+001 1.74365470511324e+002 
4.46683592150954e+003	-2.26740607389393e+001 1.72619323895101e+002 
4.57088189614865e+003	-2.31825121020606e+001 1.70908396019046e+002 
4.67735141287188e+003	-2.36943825855659e+001 1.69231871903728e+002 
4.78630092322628e+003	-2.42095240593247e+001 1.67588949969478e+002 
4.89778819368436e+003	-2.47278005530667e+001 1.65978845986573e+002 
5.01187233627261e+003	-2.52490871361232e+001 1.64400796060991e+002 
5.12861383991354e+003	-2.57732688679097e+001 1.62854058791485e+002 
5.24807460249761e+003	-2.63002398227647e+001 1.61337916722043e+002 
5.37031796370241e+003	-2.68299021906005e+001 1.59851677201770e+002 
5.49540873857613e+003	-2.73621654531190e+001 1.58394672752435e+002 
5.62341325190337e+003	-2.78969456340405e+001 1.56966261032437e+002 
5.75439937337144e+003	-2.84341646208096e+001 1.55565824475244e+002 
5.88843655355576e+003	-2.89737495545338e+001 1.54192769670277e+002 
6.02559586074345e+003	-2.95156322844211e+001 1.52846526545086e+002 
6.16595001861469e+003	-3.00597488826778e+001 1.51526547399254e+002 
6.30957344480180e+003	-3.06060392156587e+001 1.50232305833028e+002 
6.45654229034642e+003	-3.11544465670119e+001 1.48963295606898e+002 
6.60693448007582e+003	-3.17049173085963e+001 1.47719029462456e+002 
6.76082975391967e+003	-3.22574006150489e+001 1.46499037929587e+002 
6.91830970918921e+003	-3.28118482180352e+001 1.45302868140473e+002 
7.07945784384122e+003	-3.33682141963984e+001 1.44130082666874e+002 
7.24435960074974e+003	-3.39264547986379e+001 1.42980258393690e+002 
7.41310241300901e+003	-3.44865282943741e+001 1.41852985438831e+002 
7.58577575029167e+003	-3.50483948516897e+001 1.40747866126842e+002 
7.76247116628675e+003	-3.56120164374801e+001 1.39664514021586e+002 
7.94328234724264e+003	-3.61773567381768e+001 1.38602553021429e+002 
8.12830516164081e+003	-3.67443810984442e+001 1.37561616518837e+002 
8.31763771102653e+003	-3.73130564756713e+001 1.36541346625046e+002 
8.51138038202358e+003	-3.78833514082959e+001 1.35541393459377e+002 
8.70963589956061e+003	-3.84552359962050e+001 1.34561414501971e+002 
8.91250938133726e+003	-3.90286818916453e+001 1.33601074008015e+002 
9.12010839355889e+003	-3.96036622992639e+001 1.32660042481029e+002 
9.33254300796970e+003	-4.01801519840644e+001 1.31737996202383e+002 
9.54992586021414e+003	-4.07581272862258e+001 1.30834616813949e+002 
9.77237220955789e+003	-4.13375661418751e+001 1.29949590950582e+002 
9.99999999999977e+003	-4.19184481090404e+001 1.29082609919048e+002 
1.02329299228073e+004	-4.25007543981360e+001 1.28233369419954e+002 
1.04712854805088e+004	-4.30844679064447e+001 1.27401569309255e+002 
1.07151930523758e+004	-4.36695732561651e+001 1.26586913395988e+002 
1.09647819614316e+004	-4.42560568356895e+001 1.25789109272948e+002 
1.12201845430194e+004	-4.48439068438620e+001 1.25007868177173e+002 
1.14815362149686e+004	-4.54331133370468e+001 1.24242904877240e+002 
1.17489755493950e+004	-4.60236682789093e+001 1.23493937584522e+002 
1.20226443461739e+004	-4.66155655928755e+001 1.22760687885756e+002 
1.23026877081235e+004	-4.72088012172982e+001 1.22042880694425e+002 
1.25892541179414e+004	-4.78033731634118e+001 1.21340244218653e+002 
1.28824955169310e+004	-4.83992815762079e+001 1.20652509943500e+002 
1.31825673855638e+004	-4.89965287984133e+001 1.19979412625705e+002 
1.34896288259162e+004	-4.95951194377930e+001 1.19320690299141e+002 
1.38038426460285e+004	-5.01950604380442e+001 1.18676084289372e+002 
1.41253754462272e+004	-5.07963611535886e+001 1.18045339235918e+002 
1.44543977074589e+004	-5.13990334286063e+001 1.17428203120957e+002 
1.47910838816817e+004	-5.20030916806955e+001 1.16824427303374e+002 
1.51356124843617e+004	-5.26085529895793e+001 1.16233766557191e+002 
1.54881661891245e+004	-5.32154371913207e+001 1.15655979113581e+002 
1.58489319246108e+004	-5.38237669785480e+001 1.15090826705750e+002 
1.62181009735889e+004	-5.44335680072328e+001 1.14538074616167e+002 
1.65958690743752e+004	-5.50448690106112e+001 1.13997491725657e+002 
1.69824365246170e+004	-5.56577019208847e+001 1.13468850564059e+002 
1.73780082874933e+004	-5.62721019993887e+001 1.12951927362196e+002 
1.77827941003888e+004	-5.68881079759773e+001 1.12446502105043e+002 
1.81970085860994e+004	-5.75057621984305e+001 1.11952358586051e+002 
1.86208713666282e+004	-5.81251107927622e+001 1.11469284462691e+002 
1.90546071796320e+004	-5.87462038353823e+001 1.10997071313352e+002 
1.94984459975800e+004	-5.93690955381506e+001 1.10535514695848e+002 
1.99526231496883e+004	-5.99938444474553e+001 1.10084414207830e+002 
2.04173794466948e+004	-6.06205136585539e+001 1.09643573549519e+002 
2.08929613085399e+004	-6.12491710465316e+001 1.09212800589257e+002 
2.13796208950218e+004	-6.18798895153657e+001 1.08791907432452e+002 
2.18776162394950e+004	-6.25127472667329e+001 1.08380710494607e+002 
2.23872113856829e+004	-6.31478280903613e+001 1.07979030579206e+002 
2.29086765276772e+004	-6.37852216779219e+001 1.07586692961354e+002 
2.34422881531987e+004	-6.44250239626621e+001 1.07203527478186e+002 
2.39883291901943e+004	-6.50673374872262e+001 1.06829368627183e+002 
2.45470891568497e+004	-6.57122718023817e+001 1.06464055673696e+002 
2.51188643150952e+004	-6.63599438996751e+001 1.06107432769128e+002 
2.57039578276880e+004	-6.70104786813941e+001 1.05759349081440e+002 
2.63026799189532e+004	-6.76640094716121e+001 1.05419658939826e+002 
2.69153480392685e+004	-6.83206785725444e+001 1.05088221995690e+002 
2.75422870333810e+004	-6.89806378709676e+001 1.04764903402312e+002 
2.81838293126439e+004	-6.96440495000465e+001 1.04449574015943e+002 
2.88403150312654e+004	-7.03110865625999e+001 1.04142110621438e+002 
2.95120922666631e+004	-7.09819339226173e+001 1.03842396186016e+002 
3.01995172040194e+004	-7.16567890727495e+001 1.03550320145215e+002 
3.09029543251352e+004	-7.23358630865404e+001 1.03265778725791e+002 
3.16227766016830e+004	-7.30193816653802e+001 1.02988675310997e+002 
3.23593656929620e+004	-7.37075862915703e+001 1.02718920854570e+002 
3.31131121482583e+004	-7.44007355005337e+001 1.02456434350778e+002 
3.38844156139194e+004	-7.50991062871194e+001 1.02201143369107e+002 
3.46736850452523e+004	-7.58029956632030e+001 1.01952984663648e+002 
3.54813389233567e+004	-7.65127223864257e+001 1.01711904868995e+002 
3.63078054770093e+004	-7.72286288830353e+001 1.01477861296605e+002 
3.71535229097164e+004	-7.79510833914845e+001 1.01250822848133e+002 
3.80189396320552e+004	-7.86804823578287e+001 1.01030771065378e+002 
3.89045144994271e+004	-7.94172531191966e+001 1.00817701340312e+002 
3.98107170553488e+004	-8.01618569178721e+001 1.00611624313283e+002 
4.07380277804103e+004	-8.09147922960526e+001 1.00412567493284e+002 
4.16869383470325e+004	-8.16765989304488e+001 1.00220577141240e+002 
4.26579518801582e+004	-8.24478619769118e+001 1.00035720466133e+002 
4.36515832240155e+004	-8.32292170087246e+001 9.98580881948083e+001 
4.46683592150952e+004	-8.40213556486557e+001 9.96877975901866e+001 
4.57088189614864e+004	-8.48250320151532e+001 9.95249960101722e+001 
4.67735141287187e+004	-8.56410701281654e+001 9.93698651218667e+001 
4.78630092322627e+004	-8.64703724513512e+001 9.92226259143157e+001 
4.89778819368434e+004	-8.73139297866422e+001 9.90835446899228e+001 
5.01187233627260e+004	-8.81728327865732e+001 9.89529402626331e+001 
5.12861383991352e+004	-8.90482854126298e+001 9.88311926538207e+001 
5.24807460249760e+004	-8.99416207482707e+001 9.87187536598220e+001 
5.37031796370239e+004	-9.08543196790193e+001 9.86161597756836e+001 
5.49540873857611e+004	-9.17880330869553e+001 9.85240481085554e+001 
5.62341325190335e+004	-9.27446083840613e+001 9.84431761165217e+001 
5.75439937337143e+004	-9.37261214435991e+001 9.83744462867545e+001 
5.88843655355574e+004	-9.47349153029870e+001 9.83189372535730e+001 
6.02559586074343e+004	-9.57736474371589e+001 9.82779434015163e+001 
6.16595001861467e+004	-9.68453479844368e+001 9.82530257758680e+001 
6.30957344480177e+004	-9.79534921162570e+001 9.82460782492540e+001 
6.45654229034639e+004	-9.91020908814057e+001 9.82594145509978e+001 
6.60693448007579e+004	-1.00295806484086e+002 9.82958842503237e+001 
6.76082975391965e+004	-1.01540100322779e+002 9.83590295794083e+001 
6.91830970918919e+004	-1.02841425622861e+002 9.84533009032429e+001 
7.07945784384120e+004	-1.04207481794488e+002 9.85843581007066e+001 
7.24435960074972e+004	-1.05647555838059e+002 9.87595006273305e+001 
7.41310241300899e+004	-1.07172989105147e+002 9.89882952085214e+001 
7.58577575029165e+004	-1.08797828902470e+002 9.92835157917265e+001 
7.76247116628672e+004	-1.10539760098178e+002 9.96625931465224e+001 
7.94328234724261e+004	-1.12421474211736e+002 1.00149928055526e+002 
8.12830516164079e+004	-1.14472747043594e+002 1.00780733403325e+002 
8.31763771102650e+004	-1.16733713291052e+002 1.01607727344211e+002 
8.51138038202355e+004	-1.19260267437361e+002 1.02713486710959e+002 
8.70963589956058e+004	-1.22133477844182e+002 1.04234937899549e+002 
8.91250938133723e+004	-1.25477161090909e+002 1.06416535727445e+002 
9.12010839355886e+004	-1.29493660761203e+002 1.09740448705865e+002 
9.33254300796967e+004	-1.34545187847681e+002 1.15302753125705e+002 
9.54992586021411e+004	-1.41364501097058e+002 1.26202167004289e+002 
9.77237220955786e+004	-1.51594124559805e+002 1.55083288229891e+002 
9.99999999999974e+004	-1.63007437122075e+002 -8.84092012495796e+001 
1.02329299228073e+005	-1.52002288661306e+002 2.81137356112352e+001 
1.04712854805087e+005	-1.42171392327934e+002 5.70358199725203e+001 
1.07151930523758e+005	-1.35750404546353e+002 6.79512712348960e+001 
1.09647819614316e+005	-1.31097834688776e+002 7.35242566984656e+001 
1.12201845430193e+005	-1.27480672569835e+002 7.68582074485665e+001 
1.14815362149685e+005	-1.24536547909981e+002 7.90505884632768e+001 
1.17489755493950e+005	-1.22063032353479e+002 8.05840840595781e+001 
1.20226443461738e+005	-1.19936262253357e+002 8.17033768301184e+001 
1.23026877081235e+005	-1.18075141513067e+002 8.25455085488160e+001 
1.25892541179413e+005	-1.16423758406395e+002 8.31931219266605e+001 
1.28824955169310e+005	-1.14941967022472e+002 8.36989772159030e+001 
1.31825673855637e+005	-1.13599983992177e+002 8.40983172722883e+001 
1.34896288259162e+005	-1.12375112528996e+002 8.44155664522538e+001 
1.38038426460285e+005	-1.11249664006607e+002 8.46681757130243e+001 
1.41253754462272e+005	-1.10209588381871e+002 8.48689374768106e+001 
1.44543977074589e+005	-1.09243542278558e+002 8.50274362061956e+001 
1.47910838816817e+005	-1.08342237179975e+002 8.51509889490949e+001 
1.51356124843617e+005	-1.07497972530984e+002 8.52452734061877e+001 
1.54881661891244e+005	-1.06704294237985e+002 8.53147582383911e+001 
1.58489319246107e+005	-1.05955740244443e+002 8.53630046135101e+001 
1.62181009735889e+005	-1.05247647850514e+002 8.53928817920093e+001 
1.65958690743752e+005	-1.04576005639360e+002 8.54067240340876e+001 
1.69824365246170e+005	-1.03937338173340e+002 8.54064466460374e+001 
1.73780082874933e+005	-1.03328615130494e+002 8.53936330588983e+001 
1.77827941003888e+005	-1.02747178920223e+002 8.53696010350445e+001 
1.81970085860994e+005	-1.02190686446265e+002 8.53354536124154e+001 
1.86208713666282e+005	-1.01657061824748e+002 8.52921187370515e+001 
1.90546071796320e+005	-1.01144457674660e+002 8.52403804077822e+001 
1.94984459975799e+005	-1.00651223181298e+002 8.51809033791615e+001 
1.99526231496883e+005	-1.00175877558880e+002 8.51142529239358e+001 
2.04173794466948e+005	-9.97170878529089e+001 8.50409107694413e+001 
2.08929613085398e+005	-9.92736502576332e+001 8.49612880441003e+001 
2.13796208950218e+005	-9.88444743011348e+001 8.48757358677285e+001 
2.18776162394949e+005	-9.84285693855435e+001 8.47845540704453e+001 
2.23872113856828e+005	-9.80250332736313e+001 8.46879984142946e+001 
2.29086765276771e+005	-9.76330421934763e+001 8.45862866086525e+001 
2.34422881531986e+005	-9.72518422957264e+001 8.44796033476376e+001 
2.39883291901943e+005	-9.68807422474615e+001 8.43681045497531e+001 
2.45470891568497e+005	-9.65191067858591e+001 8.42519209430741e+001 
2.51188643150951e+005	-9.61663510861520e+001 8.41311611106706e+001 
2.57039578276880e+005	-9.58219358234795e+001 8.40059140886185e+001 
2.63026799189531e+005	-9.54853628285181e+001 8.38762515913943e+001 
2.69153480392684e+005	-9.51561712532427e+001 8.37422299255684e+001 
2.75422870333809e+005	-9.48339341766206e+001 8.36038916416666e+001 
2.81838293126438e+005	-9.45182555910655e+001 8.34612669652381e+001 
2.88403150312653e+005	-9.42087677195801e+001 8.33143750410594e+001 
2.95120922666631e+005	-9.39051286210420e+001 8.31632250186646e+001 
3.01995172040193e+005	-9.36070200473569e+001 8.30078170027213e+001 
3.09029543251351e+005	-9.33141455214310e+001 8.28481428879706e+001 
3.16227766016829e+005	-9.30262286093064e+001 8.26841870953223e+001 
3.23593656929619e+005	-9.27430113634920e+001 8.25159272231346e+001 
3.31131121482582e+005	-9.24642529176458e+001 8.23433346255819e+001 
3.38844156139193e+005	-9.21897282154060e+001 8.21663749282548e+001 
3.46736850452522e+005	-9.19192268584175e+001 8.19850084896734e+001 
3.54813389233566e+005	-9.16525520605220e+001 8.17991908161706e+001 
3.63078054770091e+005	-9.13895196967179e+001 8.16088729365775e+001 
3.71535229097162e+005	-9.11299574369088e+001 8.14140017422817e+001 
3.80189396320551e+005	-9.08737039556699e+001 8.12145202975048e+001 
3.89045144994270e+005	-9.06206082103115e+001 8.10103681240318e+001 
3.98107170553486e+005	-9.03705287804202e+001 8.08014814641042e+001 
4.07380277804102e+005	-9.01233332628482e+001 8.05877935247507e+001 
4.16869383470324e+005	-8.98788977168009e+001 8.03692347064507e+001 
4.26579518801581e+005	-8.96371061542683e+001 8.01457328187086e+001 
4.36515832240154e+005	-8.93978500715675e+001 7.99172132848398e+001 
4.46683592150951e+005	-8.91610280182142e+001 7.96835993380376e+001 
4.57088189614862e+005	-8.89265451997420e+001 7.94448122105865e+001 
4.67735141287185e+005	-8.86943131114374e+001 7.92007713179139e+001 
4.78630092322625e+005	-8.84642492002643e+001 7.89513944390231e+001 
4.89778819368433e+005	-8.82362765525259e+001 7.86965978947179e+001 
5.00000000000000e+005	-8.80335053416415e+001 7.84633644264489e+001 
