  0.931            -24.737            -96.940
  1.676            -19.874            -88.329
  2.421            -16.526            -90.851
  3.912            -12.349            -92.740
  6.333             -8.288            -91.101
 10.058             -4.244            -91.049
 15.832             -0.348            -90.876
 25.146              3.657            -90.646
 39.861              7.638            -90.753
 63.144             11.620            -90.715
100.024             15.600            -90.909
158.511             19.589            -91.417
251.271             23.599            -92.059
398.047             27.638            -92.998
630.878             31.770            -94.625
1000.054             36.142            -97.482
1584.925             41.180            -103.134
2511.963             47.208            -126.953
3981.031             51.078            143.617
6309.524             43.319            103.135
9999.983             37.654             96.767
15848.875             33.099             93.711
25118.887             28.925             91.948
39810.687             24.843             90.093
63095.801             20.819             88.251
100000.016             16.846             85.300
158489.309             12.900             82.140
