  0.931            -24.999            -94.674
  1.676            -19.737            -95.025
  2.421            -16.571            -95.100
  3.912            -12.317            -90.821
  6.333             -8.282            -91.696
 10.058             -4.234            -90.868
 15.832             -0.332            -90.737
 25.146              3.665            -90.604
 39.861              7.652            -90.519
 63.144             11.628            -90.574
100.024             15.607            -90.656
158.511             19.599            -90.992
251.271             23.612            -91.400
398.047             27.652            -91.918
630.878             31.780            -92.855
1000.054             36.124            -94.532
1584.925             41.122            -97.355
2511.963             48.056            -92.087
3981.031             53.965             97.697
6309.524             42.963             95.753
9999.983             37.322             95.011
15848.875             32.762             92.619
25118.887             28.567             91.233
39810.687             24.488             90.301
63095.801             20.452             89.381
100000.016             16.446             88.050
158489.309             12.418             86.138
