  0.931            -25.202            -90.912
  1.676            -19.521            -94.620
  2.421            -16.671            -90.855
  3.912            -12.376            -89.947
  6.333             -8.255            -93.141
 10.058             -4.236            -94.602
 15.832             -0.330            -96.700
 25.146              3.623            -99.033
 39.861              7.420            -104.817
 63.144             11.054            -111.539
100.024             14.293            -122.348
158.511             16.757            -134.552
251.271             18.349            -147.853
398.047             19.259            -159.070
630.878             19.682            -167.801
1000.054             19.828            -174.640
1584.925             19.877            179.536
2511.963             19.835            173.696
3981.031             19.618            166.769
6309.524             19.167            157.445
9999.983             18.228            145.685
15848.875             16.521            132.418
25118.887             13.919            119.270
39810.687             10.675            107.937
63095.801              7.039             99.491
100000.016              3.287             94.706
158489.309             -0.608             85.272
