  0.931            -66.106             87.826
  1.676            -60.980             88.375
  2.421            -57.788             87.818
  3.912            -53.636             87.556
  6.333            -49.460             87.052
 10.058            -45.468             86.554
 15.832            -41.552             85.845
 25.146            -37.562             84.823
 39.861            -33.601             83.193
 63.144            -29.663             80.631
100.024            -25.768             76.443
158.511            -21.950             69.627
251.271            -18.427             61.295
398.047            -15.408             49.157
630.878            -13.182             33.859
1000.054            -11.888             17.082
1584.925            -11.443              0.085
2511.963            -11.753            -17.329
3981.031            -12.875            -36.073
6309.524            -15.534            -67.808
9999.983            -20.912            -104.216
15848.875            -29.011            -127.284
25118.887            -38.556            -135.618
39810.687            -50.301            -99.880
63095.801            -48.720            -35.864
100000.016            -46.546            -36.475
