467309	-4.102846E-1
467329	-4.106066E-1
467349	-4.102846E-1
467369	-4.096408E-1
467389	-4.089969E-1
467409	-4.093188E-1
467429	-4.093188E-1
467449	-4.093188E-1
467469	-4.093188E-1
467489	-4.093188E-1
467509	-4.096408E-1
467529	-4.093188E-1
467549	-4.099627E-1
467569	-4.083531E-1
467589	-4.089969E-1
467609	-4.099627E-1
467629	-4.102846E-1
467649	-4.096408E-1
467669	-4.096408E-1
467689	-4.102846E-1
467709	-4.102846E-1
467729	-4.118943E-1
467749	-4.118943E-1
467769	-4.112504E-1
467789	-4.122162E-1
467809	-4.128601E-1
467829	-4.125381E-1
467849	-4.128601E-1
467869	-4.125381E-1
467889	-4.128601E-1
467909	-4.131820E-1
467929	-4.128601E-1
467949	-4.128601E-1
467969	-4.128601E-1
467989	-4.128601E-1
468009	-4.131820E-1
468029	-4.138258E-1
468049	-4.144697E-1
468069	-4.135039E-1
468089	-4.141478E-1
468109	-4.135039E-1
468129	-4.131820E-1
468149	-4.135039E-1
468169	-4.144697E-1
468189	-4.141478E-1
468209	-4.147916E-1
468229	-4.141478E-1
468249	-4.141478E-1
468269	-4.138258E-1
468289	-4.131820E-1
468309	-4.122162E-1
468329	-4.131820E-1
468349	-4.115723E-1
468369	-4.112504E-1
468389	-4.115723E-1
468409	-4.112504E-1
468429	-4.112504E-1
468449	-4.102846E-1
468469	-4.109285E-1
468489	-4.106066E-1
468509	-4.099627E-1
468529	-4.099627E-1
468549	-4.096408E-1
468569	-4.099627E-1
468589	-4.112504E-1
468609	-4.102846E-1
468629	-4.106066E-1
468649	-4.106066E-1
468669	-4.089969E-1
468689	-4.089969E-1
468709	-4.080311E-1
468729	-4.080311E-1
468749	-4.067434E-1
468769	-4.054557E-1
468789	-4.051338E-1
468809	-4.054557E-1
468829	-4.048118E-1
468849	-4.051338E-1
468869	-4.048118E-1
468889	-4.038461E-1
468909	-4.038461E-1
468929	-4.038461E-1
468949	-4.032022E-1
468969	-4.025583E-1
468989	-4.035241E-1
469009	-4.032022E-1
469029	-4.035241E-1
469049	-4.028803E-1
469069	-4.028803E-1
469089	-4.022364E-1
469109	-4.032022E-1
469129	-4.022364E-1
469149	-4.019145E-1
469169	-4.012706E-1
469189	-4.022364E-1
469209	-4.028803E-1
469229	-4.025583E-1
469249	-4.022364E-1
469269	-4.019145E-1
469289	-4.009487E-1
469309	-4.015926E-1
469329	-4.032022E-1
469349	-4.044899E-1
469369	-4.051338E-1
469389	-4.048118E-1
469409	-4.048118E-1
469429	-4.048118E-1
469449	-4.048118E-1
469469	-4.048118E-1
469489	-4.044899E-1
469509	-4.038461E-1
469529	-4.051338E-1
469549	-4.051338E-1
469569	-4.038461E-1
469589	-4.044899E-1
469609	-4.038461E-1
469629	-4.048118E-1
469649	-4.048118E-1
469669	-4.044899E-1
469689	-4.048118E-1
469709	-4.054557E-1
469729	-4.057776E-1
469749	-4.057776E-1
469769	-4.064215E-1
469789	-4.057776E-1
469809	-4.057776E-1
469829	-4.051338E-1
469849	-4.051338E-1
469869	-4.041680E-1
469889	-4.038461E-1
469909	-4.038461E-1
469929	-4.025583E-1
469949	-4.022364E-1
469969	-4.019145E-1
469989	-4.022364E-1
470009	-4.015926E-1
470029	-3.999829E-1
470049	-3.999829E-1
470069	-4.006268E-1
470089	-4.006268E-1
470109	-4.009487E-1
470129	-4.009487E-1
470149	-4.003048E-1
470169	-4.006268E-1
470189	-3.996610E-1
470209	-3.993391E-1
470229	-3.996610E-1
470249	-3.986952E-1
470269	-3.986952E-1
470289	-3.996610E-1
470309	-4.003048E-1
470329	-3.999829E-1
470349	-3.990171E-1
470369	-3.977294E-1
470389	-3.970856E-1
470409	-3.970856E-1
470429	-3.970856E-1
470449	-3.961198E-1
470469	-3.954759E-1
470489	-3.957979E-1
470509	-3.941882E-1
470529	-3.948321E-1
470549	-3.948321E-1
470569	-3.948321E-1
470589	-3.964417E-1
470609	-3.970856E-1
470629	-3.964417E-1
470649	-3.945101E-1
470669	-3.945101E-1
470689	-3.948321E-1
470709	-3.941882E-1
470729	-3.941882E-1
470749	-3.941882E-1
470769	-3.932224E-1
470789	-3.925786E-1
470809	-3.919347E-1
470829	-3.922566E-1
470849	-3.929005E-1
470869	-3.925786E-1
470889	-3.925786E-1
470909	-3.938663E-1
470929	-3.929005E-1
470949	-3.925786E-1
470969	-3.922566E-1
470989	-3.916128E-1
471009	-3.906470E-1
471029	-3.906470E-1
471049	-3.903251E-1
471069	-3.919347E-1
471089	-3.919347E-1
471109	-3.906470E-1
471129	-3.912909E-1
471149	-3.906470E-1
471169	-3.896812E-1
471189	-3.883935E-1
471209	-3.874277E-1
471229	-3.861400E-1
471249	-3.848523E-1
471269	-3.842084E-1
471289	-3.842084E-1
471309	-3.838865E-1
471329	-3.842084E-1
471349	-3.835646E-1
471369	-3.832426E-1
471389	-3.829207E-1
471409	-3.835646E-1
471429	-3.829207E-1
471449	-3.832426E-1
471469	-3.819549E-1
471489	-3.819549E-1
471509	-3.816330E-1
471529	-3.806672E-1
471549	-3.803453E-1
471569	-3.793795E-1
471589	-3.777699E-1
471609	-3.774479E-1
471629	-3.780918E-1
471649	-3.780918E-1
471669	-3.787357E-1
471689	-3.780918E-1
471709	-3.774479E-1
471729	-3.780918E-1
471749	-3.768041E-1
471769	-3.777699E-1
471789	-3.764822E-1
471809	-3.758383E-1
471829	-3.751944E-1
471849	-3.745506E-1
471869	-3.755164E-1
471889	-3.764822E-1
471909	-3.768041E-1
471929	-3.751944E-1
471949	-3.758383E-1
471969	-3.751944E-1
471989	-3.751944E-1
472009	-3.751944E-1
472029	-3.745506E-1
472049	-3.729409E-1
472069	-3.726190E-1
472089	-3.729409E-1
472109	-3.719752E-1
472129	-3.722971E-1
472149	-3.719752E-1
472169	-3.722971E-1
472189	-3.719752E-1
472209	-3.726190E-1
472229	-3.722971E-1
472249	-3.719752E-1
472269	-3.713313E-1
472289	-3.713313E-1
472309	-3.716532E-1
472329	-3.703655E-1
472349	-3.710094E-1
472369	-3.700436E-1
472389	-3.687559E-1
472409	-3.687559E-1
472429	-3.690778E-1
472449	-3.677901E-1
472469	-3.693997E-1
472489	-3.684339E-1
472509	-3.684339E-1
472529	-3.674682E-1
472549	-3.677901E-1
472569	-3.671462E-1
472589	-3.674682E-1
472609	-3.681120E-1
472629	-3.684339E-1
472649	-3.681120E-1
472669	-3.681120E-1
472689	-3.687559E-1
472709	-3.693997E-1
472729	-3.697217E-1
472749	-3.700436E-1
472769	-3.700436E-1
472789	-3.697217E-1
472809	-3.690778E-1
472829	-3.687559E-1
472849	-3.677901E-1
472869	-3.684339E-1
472889	-3.677901E-1
472909	-3.677901E-1
472929	-3.677901E-1
472949	-3.674682E-1
472969	-3.677901E-1
472989	-3.681120E-1
473009	-3.690778E-1
473029	-3.690778E-1
473049	-3.697217E-1
473069	-3.713313E-1
473089	-3.700436E-1
473109	-3.710094E-1
473129	-3.716532E-1
473149	-3.716532E-1
473169	-3.719752E-1
473189	-3.710094E-1
473209	-3.710094E-1
473229	-3.716532E-1
473249	-3.700436E-1
473269	-3.713313E-1
473289	-3.722971E-1
473309	-3.729409E-1
473329	-3.735848E-1
473349	-3.713313E-1
473369	-3.700436E-1
473389	-3.703655E-1
473409	-3.710094E-1
473429	-3.726190E-1
473449	-3.719752E-1
473469	-3.713313E-1
473489	-3.703655E-1
473509	-3.719752E-1
473529	-3.713313E-1
473549	-3.732629E-1
473569	-3.722971E-1
473589	-3.722971E-1
473609	-3.726190E-1
473629	-3.713313E-1
473649	-3.703655E-1
473669	-3.706874E-1
473689	-3.706874E-1
473709	-3.706874E-1
473729	-3.703655E-1
473749	-3.700436E-1
473769	-3.710094E-1
473789	-3.703655E-1
473809	-3.700436E-1
473829	-3.706874E-1
473849	-3.706874E-1
473869	-3.706874E-1
473889	-3.693997E-1
473909	-3.710094E-1
473929	-3.710094E-1
473949	-3.713313E-1
473969	-3.706874E-1
473989	-3.700436E-1
474009	-3.693997E-1
474029	-3.684339E-1
474049	-3.668243E-1
474069	-3.668243E-1
474089	-3.661804E-1
474109	-3.648927E-1
474129	-3.652147E-1
474149	-3.652147E-1
474169	-3.642489E-1
474189	-3.658585E-1
474209	-3.655366E-1
474229	-3.658585E-1
474249	-3.658585E-1
474269	-3.648927E-1
474289	-3.648927E-1
474309	-3.652147E-1
474329	-3.648927E-1
474349	-3.652147E-1
474369	-3.658585E-1
474389	-3.674682E-1
474409	-3.671462E-1
474429	-3.668243E-1
474449	-3.665024E-1
474469	-3.665024E-1
474489	-3.668243E-1
474509	-3.652147E-1
474529	-3.648927E-1
474549	-3.645708E-1
474569	-3.648927E-1
474589	-3.636050E-1
474609	-3.632831E-1
474629	-3.632831E-1
474649	-3.626392E-1
474669	-3.619954E-1
474689	-3.623173E-1
474709	-3.613515E-1
474729	-3.616734E-1
474749	-3.610296E-1
474769	-3.600638E-1
474789	-3.603857E-1
474809	-3.590980E-1
474829	-3.578103E-1
474849	-3.571665E-1
474869	-3.562007E-1
474889	-3.565226E-1
474909	-3.571665E-1
474929	-3.562007E-1
474949	-3.568445E-1
474969	-3.558787E-1
474989	-3.549130E-1
475009	-3.558787E-1
475029	-3.568445E-1
475049	-3.568445E-1
475069	-3.581322E-1
475089	-3.594200E-1
475109	-3.587761E-1
475129	-3.574884E-1
475149	-3.587761E-1
475169	-3.587761E-1
475189	-3.590980E-1
475209	-3.578103E-1
475229	-3.578103E-1
475249	-3.571665E-1
475269	-3.578103E-1
475289	-3.571665E-1
475309	-3.568445E-1
475329	-3.571665E-1
475349	-3.574884E-1
475369	-3.578103E-1
475389	-3.581322E-1
475409	-3.587761E-1
475429	-3.584542E-1
475449	-3.587761E-1
475469	-3.590980E-1
475489	-3.597419E-1
475509	-3.594200E-1
475529	-3.581322E-1
475549	-3.587761E-1
475569	-3.584542E-1
475589	-3.587761E-1
475609	-3.581322E-1
475629	-3.587761E-1
475649	-3.581322E-1
475669	-3.584542E-1
475689	-3.578103E-1
475709	-3.594200E-1
475729	-3.587761E-1
475749	-3.581322E-1
475769	-3.574884E-1
475789	-3.594200E-1
475809	-3.587761E-1
475829	-3.590980E-1
475849	-3.587761E-1
475869	-3.578103E-1
475889	-3.578103E-1
475909	-3.562007E-1
475929	-3.562007E-1
475949	-3.558787E-1
475969	-3.565226E-1
475989	-3.574884E-1
476009	-3.578103E-1
476029	-3.574884E-1
476049	-3.578103E-1
476069	-3.574884E-1
476089	-3.568445E-1
476109	-3.565226E-1
476129	-3.562007E-1
476149	-3.571665E-1
476169	-3.562007E-1
476189	-3.571665E-1
476209	-3.565226E-1
476229	-3.558787E-1
476249	-3.542691E-1
476269	-3.536252E-1
476289	-3.526595E-1
476309	-3.542691E-1
476329	-3.539472E-1
476349	-3.533033E-1
476369	-3.529814E-1
476389	-3.536252E-1
476409	-3.536252E-1
476429	-3.539472E-1
476449	-3.545910E-1
476469	-3.542691E-1
476489	-3.555568E-1
476509	-3.542691E-1
476529	-3.545910E-1
476549	-3.539472E-1
476569	-3.545910E-1
476589	-3.545910E-1
476609	-3.539472E-1
476629	-3.539472E-1
476649	-3.545910E-1
476669	-3.533033E-1
476689	-3.533033E-1
476709	-3.529814E-1
476729	-3.529814E-1
476749	-3.529814E-1
476769	-3.526595E-1
476789	-3.549130E-1
476809	-3.545910E-1
476829	-3.533033E-1
476849	-3.539472E-1
476869	-3.542691E-1
476889	-3.539472E-1
476909	-3.533033E-1
476929	-3.539472E-1
476949	-3.536252E-1
476969	-3.533033E-1
476989	-3.529814E-1
477009	-3.529814E-1
477029	-3.539472E-1
477049	-3.533033E-1
477069	-3.526595E-1
477089	-3.542691E-1
477109	-3.539472E-1
477129	-3.545910E-1
477149	-3.536252E-1
477169	-3.545910E-1
477189	-3.539472E-1
477209	-3.539472E-1
477229	-3.549130E-1
477249	-3.562007E-1
477269	-3.568445E-1
477289	-3.571665E-1
477309	-3.574884E-1
477329	-3.574884E-1
477349	-3.571665E-1
477369	-3.574884E-1
477389	-3.568445E-1
477409	-3.574884E-1
477429	-3.581322E-1
477449	-3.578103E-1
477469	-3.584542E-1
477489	-3.587761E-1
477509	-3.584542E-1
477529	-3.578103E-1
477549	-3.584542E-1
477569	-3.587761E-1
477589	-3.581322E-1
477609	-3.578103E-1
477629	-3.574884E-1
477649	-3.584542E-1
477669	-3.574884E-1
477689	-3.568445E-1
477709	-3.558787E-1
477729	-3.565226E-1
477749	-3.562007E-1
477769	-3.555568E-1
477789	-3.555568E-1
477809	-3.555568E-1
477829	-3.558787E-1
477849	-3.558787E-1
477869	-3.552349E-1
477889	-3.558787E-1
477909	-3.555568E-1
477929	-3.552349E-1
477949	-3.552349E-1
477969	-3.549130E-1
477989	-3.536252E-1
478009	-3.542691E-1
478029	-3.549130E-1
478049	-3.545910E-1
478069	-3.542691E-1
478089	-3.542691E-1
478109	-3.545910E-1
478129	-3.545910E-1
478149	-3.555568E-1
478169	-3.545910E-1
478189	-3.549130E-1
478209	-3.552349E-1
478229	-3.552349E-1
478249	-3.555568E-1
478269	-3.558787E-1
478289	-3.558787E-1
478309	-3.558787E-1
478329	-3.558787E-1
478349	-3.565226E-1
478369	-3.539472E-1
478389	-3.545910E-1
478409	-3.562007E-1
478429	-3.558787E-1
478449	-3.549130E-1
478469	-3.549130E-1
478489	-3.549130E-1
478509	-3.562007E-1
478529	-3.562007E-1
478549	-3.571665E-1
478569	-3.578103E-1
478589	-3.581322E-1
478609	-3.578103E-1
478629	-3.581322E-1
478649	-3.581322E-1
478669	-3.587761E-1
478689	-3.574884E-1
478709	-3.574884E-1
478729	-3.581322E-1
478749	-3.581322E-1
478769	-3.574884E-1
478789	-3.581322E-1
478809	-3.587761E-1
478829	-3.587761E-1
478849	-3.581322E-1
478869	-3.578103E-1
478889	-3.578103E-1
478909	-3.584542E-1
478929	-3.584542E-1
478949	-3.571665E-1
478969	-3.574884E-1
478989	-3.558787E-1
479009	-3.545910E-1
479029	-3.552349E-1
479049	-3.558787E-1
479069	-3.558787E-1
479089	-3.571665E-1
479109	-3.571665E-1
479129	-3.574884E-1
479149	-3.578103E-1
479169	-3.574884E-1
479189	-3.574884E-1
479209	-3.568445E-1
479229	-3.562007E-1
479249	-3.565226E-1
479269	-3.568445E-1
479289	-3.568445E-1
479309	-3.568445E-1
479329	-3.565226E-1
479349	-3.555568E-1
479369	-3.555568E-1
479389	-3.545910E-1
479409	-3.558787E-1
479429	-3.555568E-1
479449	-3.539472E-1
479469	-3.539472E-1
479489	-3.542691E-1
479509	-3.539472E-1
479529	-3.545910E-1
479549	-3.533033E-1
479569	-3.539472E-1
479589	-3.533033E-1
479609	-3.529814E-1
479629	-3.520156E-1
479649	-3.520156E-1
479669	-3.510498E-1
479689	-3.500840E-1
479709	-3.500840E-1
479729	-3.504060E-1
479749	-3.491182E-1
479769	-3.500840E-1
479789	-3.494402E-1
479809	-3.484744E-1
479829	-3.478305E-1
479849	-3.475086E-1
479869	-3.468647E-1
479889	-3.471867E-1
479909	-3.475086E-1
479929	-3.478305E-1
479949	-3.484744E-1
479969	-3.487963E-1
479989	-3.487963E-1
480009	-3.487963E-1
480029	-3.504060E-1
480049	-3.494402E-1
480069	-3.491182E-1
480089	-3.491182E-1
480109	-3.494402E-1
480129	-3.481525E-1
480149	-3.475086E-1
480169	-3.484744E-1
480189	-3.487963E-1
480209	-3.491182E-1
480229	-3.494402E-1
480249	-3.487963E-1
480269	-3.491182E-1
480289	-3.494402E-1
480309	-3.491182E-1
480329	-3.484744E-1
480349	-3.507279E-1
480369	-3.504060E-1
480389	-3.504060E-1
480409	-3.507279E-1
480429	-3.507279E-1
480449	-3.507279E-1
480469	-3.510498E-1
480489	-3.507279E-1
480509	-3.513717E-1
480529	-3.494402E-1
480549	-3.494402E-1
480569	-3.494402E-1
480589	-3.500840E-1
480609	-3.497621E-1
480629	-3.500840E-1
480649	-3.491182E-1
480669	-3.491182E-1
480689	-3.500840E-1
480709	-3.507279E-1
480729	-3.507279E-1
480749	-3.507279E-1
480769	-3.497621E-1
480789	-3.494402E-1
480809	-3.487963E-1
480829	-3.500840E-1
480849	-3.500840E-1
480869	-3.494402E-1
480889	-3.504060E-1
480909	-3.481525E-1
480929	-3.484744E-1
480949	-3.481525E-1
480969	-3.481525E-1
480989	-3.494402E-1
481009	-3.491182E-1
481029	-3.484744E-1
481049	-3.484744E-1
481069	-3.475086E-1
481089	-3.471867E-1
481109	-3.458990E-1
481129	-3.465428E-1
481149	-3.462209E-1
481169	-3.458990E-1
481189	-3.468647E-1
481209	-3.465428E-1
481229	-3.462209E-1
481249	-3.458990E-1
481269	-3.449332E-1
481289	-3.452551E-1
481309	-3.465428E-1
481329	-3.452551E-1
481349	-3.462209E-1
481369	-3.465428E-1
481389	-3.452551E-1
481409	-3.455770E-1
481429	-3.439674E-1
481449	-3.430016E-1
481469	-3.436455E-1
481489	-3.439674E-1
481509	-3.452551E-1
481529	-3.452551E-1
481549	-3.452551E-1
481569	-3.452551E-1
481589	-3.449332E-1
481609	-3.446112E-1
481629	-3.442893E-1
481649	-3.449332E-1
481669	-3.442893E-1
481689	-3.433235E-1
481709	-3.442893E-1
481729	-3.417139E-1
481749	-3.430016E-1
481769	-3.433235E-1
481789	-3.436455E-1
481809	-3.439674E-1
481829	-3.436455E-1
481849	-3.430016E-1
481869	-3.433235E-1
481889	-3.423578E-1
481909	-3.420358E-1
481929	-3.417139E-1
481949	-3.413920E-1
481969	-3.401043E-1
481989	-3.404262E-1
482009	-3.397823E-1
482029	-3.410700E-1
482049	-3.401043E-1
482069	-3.407481E-1
482089	-3.401043E-1
482109	-3.397823E-1
482129	-3.394604E-1
482149	-3.394604E-1
482169	-3.391385E-1
482189	-3.391385E-1
482209	-3.394604E-1
482229	-3.404262E-1
482249	-3.404262E-1
482269	-3.404262E-1
482289	-3.404262E-1
482309	-3.401043E-1
482329	-3.388165E-1
482349	-3.388165E-1
482369	-3.372069E-1
482389	-3.381727E-1
482409	-3.365630E-1
482429	-3.375288E-1
482449	-3.384946E-1
482469	-3.384946E-1
482489	-3.375288E-1
482509	-3.381727E-1
482529	-3.365630E-1
482549	-3.359192E-1
482569	-3.365630E-1
482589	-3.372069E-1
482609	-3.378508E-1
482629	-3.378508E-1
482649	-3.375288E-1
482669	-3.384946E-1
482689	-3.375288E-1
482709	-3.378508E-1
482729	-3.381727E-1
482749	-3.381727E-1
482769	-3.384946E-1
482789	-3.372069E-1
482809	-3.381727E-1
482829	-3.362411E-1
482849	-3.368850E-1
482869	-3.368850E-1
482889	-3.362411E-1
482909	-3.368850E-1
482929	-3.372069E-1
482949	-3.362411E-1
482969	-3.372069E-1
482989	-3.365630E-1
483009	-3.359192E-1
483029	-3.352753E-1
483049	-3.368850E-1
483069	-3.365630E-1
483089	-3.365630E-1
483109	-3.372069E-1
483129	-3.359192E-1
483149	-3.359192E-1
483169	-3.352753E-1
483189	-3.352753E-1
483209	-3.368850E-1
483229	-3.362411E-1
483249	-3.359192E-1
483269	-3.368850E-1
483289	-3.368850E-1
483309	-3.372069E-1
483329	-3.378508E-1
483349	-3.368850E-1
483369	-3.375288E-1
483389	-3.368850E-1
483409	-3.378508E-1
483429	-3.381727E-1
483449	-3.381727E-1
483469	-3.384946E-1
483489	-3.368850E-1
483509	-3.368850E-1
483529	-3.375288E-1
483549	-3.368850E-1
483569	-3.359192E-1
483589	-3.349534E-1
483609	-3.352753E-1
483629	-3.355973E-1
483649	-3.359192E-1
483669	-3.359192E-1
483689	-3.365630E-1
483709	-3.378508E-1
483729	-3.388165E-1
483749	-3.381727E-1
483769	-3.391385E-1
483789	-3.397823E-1
483809	-3.397823E-1
483829	-3.391385E-1
483849	-3.384946E-1
483869	-3.384946E-1
483889	-3.391385E-1
483909	-3.388165E-1
483929	-3.391385E-1
483949	-3.384946E-1
483969	-3.388165E-1
483989	-3.397823E-1
484009	-3.397823E-1
484029	-3.397823E-1
484049	-3.401043E-1
484069	-3.401043E-1
484089	-3.394604E-1
484109	-3.404262E-1
484129	-3.410700E-1
484149	-3.404262E-1
484169	-3.404262E-1
484189	-3.404262E-1
484209	-3.401043E-1
484229	-3.407481E-1
484249	-3.401043E-1
484269	-3.407481E-1
484289	-3.413920E-1
484309	-3.417139E-1
484329	-3.407481E-1
484349	-3.410700E-1
484369	-3.410700E-1
484389	-3.426797E-1
484409	-3.436455E-1
484429	-3.436455E-1
484449	-3.452551E-1
484469	-3.452551E-1
484489	-3.452551E-1
484509	-3.458990E-1
484529	-3.455770E-1
484549	-3.455770E-1
484569	-3.452551E-1
484589	-3.458990E-1
484609	-3.458990E-1
484629	-3.446112E-1
484649	-3.446112E-1
484669	-3.426797E-1
484689	-3.433235E-1
484709	-3.433235E-1
484729	-3.426797E-1
484749	-3.417139E-1
484769	-3.423578E-1
484789	-3.417139E-1
484809	-3.423578E-1
484829	-3.430016E-1
484849	-3.430016E-1
484869	-3.423578E-1
484889	-3.426797E-1
484909	-3.423578E-1
484929	-3.426797E-1
484949	-3.420358E-1
484969	-3.417139E-1
484989	-3.410700E-1
485009	-3.413920E-1
485029	-3.417139E-1
485049	-3.410700E-1
485069	-3.417139E-1
485089	-3.404262E-1
485109	-3.401043E-1
485129	-3.404262E-1
485149	-3.404262E-1
485169	-3.401043E-1
485189	-3.401043E-1
485209	-3.404262E-1
485229	-3.394604E-1
485249	-3.391385E-1
485269	-3.404262E-1
485289	-3.397823E-1
485309	-3.394604E-1
485329	-3.388165E-1
485349	-3.391385E-1
485369	-3.388165E-1
485389	-3.394604E-1
485409	-3.391385E-1
485429	-3.404262E-1
485449	-3.391385E-1
485469	-3.397823E-1
485489	-3.397823E-1
485509	-3.391385E-1
485529	-3.394604E-1
485549	-3.410700E-1
485569	-3.407481E-1
485589	-3.420358E-1
485609	-3.413920E-1
485629	-3.410700E-1
485649	-3.413920E-1
485669	-3.410700E-1
485689	-3.417139E-1
485709	-3.426797E-1
485729	-3.423578E-1
485749	-3.417139E-1
485769	-3.423578E-1
485789	-3.420358E-1
485809	-3.433235E-1
485829	-3.436455E-1
485849	-3.436455E-1
485869	-3.442893E-1
485889	-3.433235E-1
485909	-3.452551E-1
485929	-3.442893E-1
485949	-3.449332E-1
485969	-3.449332E-1
485989	-3.446112E-1
486009	-3.430016E-1
486029	-3.430016E-1
486049	-3.436455E-1
486069	-3.449332E-1
486089	-3.446112E-1
486109	-3.455770E-1
486129	-3.442893E-1
486149	-3.446112E-1
486169	-3.452551E-1
486189	-3.449332E-1
486209	-3.452551E-1
486229	-3.446112E-1
486249	-3.449332E-1
486269	-3.458990E-1
486289	-3.458990E-1
486309	-3.455770E-1
486329	-3.449332E-1
486349	-3.452551E-1
486369	-3.446112E-1
486389	-3.446112E-1
486409	-3.442893E-1
486429	-3.433235E-1
486449	-3.433235E-1
486469	-3.436455E-1
486489	-3.436455E-1
486509	-3.430016E-1
486529	-3.426797E-1
486549	-3.420358E-1
486569	-3.423578E-1
486589	-3.401043E-1
486609	-3.404262E-1
486629	-3.417139E-1
486649	-3.420358E-1
486669	-3.417139E-1
486689	-3.423578E-1
486709	-3.420358E-1
486729	-3.417139E-1
486749	-3.413920E-1
486769	-3.401043E-1
486789	-3.410700E-1
486809	-3.417139E-1
486829	-3.423578E-1
486849	-3.417139E-1
486869	-3.417139E-1
486889	-3.430016E-1
486909	-3.439674E-1
486929	-3.442893E-1
486949	-3.452551E-1
486969	-3.446112E-1
486989	-3.436455E-1
487009	-3.430016E-1
487029	-3.430016E-1
487049	-3.433235E-1
487069	-3.430016E-1
487089	-3.433235E-1
487109	-3.423578E-1
487129	-3.426797E-1
487149	-3.423578E-1
487169	-3.426797E-1
487189	-3.436455E-1
487209	-3.433235E-1
487229	-3.426797E-1
487249	-3.430016E-1
487269	-3.433235E-1
487289	-3.413920E-1
487309	-3.407481E-1
487329	-3.407481E-1
487349	-3.410700E-1
487369	-3.407481E-1
487389	-3.388165E-1
487409	-3.394604E-1
487429	-3.388165E-1
487449	-3.388165E-1
487469	-3.378508E-1
487489	-3.375288E-1
487509	-3.378508E-1
487529	-3.375288E-1
487549	-3.384946E-1
487569	-3.384946E-1
487589	-3.394604E-1
487609	-3.401043E-1
487629	-3.404262E-1
487649	-3.407481E-1
487669	-3.407481E-1
487689	-3.413920E-1
487709	-3.407481E-1
487729	-3.407481E-1
487749	-3.401043E-1
487769	-3.410700E-1
487789	-3.413920E-1
487809	-3.420358E-1
487829	-3.417139E-1
487849	-3.401043E-1
487869	-3.401043E-1
487889	-3.391385E-1
487909	-3.391385E-1
487929	-3.397823E-1
487949	-3.401043E-1
487969	-3.410700E-1
487989	-3.407481E-1
488009	-3.420358E-1
488029	-3.423578E-1
488049	-3.417139E-1
488069	-3.413920E-1
488089	-3.420358E-1
488109	-3.410700E-1
488129	-3.420358E-1
488149	-3.417139E-1
488169	-3.423578E-1
488189	-3.420358E-1
488209	-3.426797E-1
488229	-3.423578E-1
488249	-3.426797E-1
488269	-3.430016E-1
488289	-3.426797E-1
488309	-3.433235E-1
488329	-3.449332E-1
488349	-3.442893E-1
488369	-3.442893E-1
488389	-3.442893E-1
488409	-3.442893E-1
488429	-3.446112E-1
488449	-3.439674E-1
488469	-3.439674E-1
488489	-3.446112E-1
488509	-3.455770E-1
488529	-3.455770E-1
488549	-3.452551E-1
488569	-3.455770E-1
488589	-3.449332E-1
488609	-3.446112E-1
488629	-3.442893E-1
488649	-3.455770E-1
488669	-3.458990E-1
488689	-3.458990E-1
488709	-3.462209E-1
488729	-3.458990E-1
488749	-3.458990E-1
488769	-3.462209E-1
488789	-3.458990E-1
488809	-3.462209E-1
488829	-3.458990E-1
488849	-3.458990E-1
488869	-3.452551E-1
488889	-3.455770E-1
488909	-3.455770E-1
488929	-3.458990E-1
488949	-3.458990E-1
488969	-3.455770E-1
488989	-3.452551E-1
489009	-3.458990E-1
489029	-3.462209E-1
489049	-3.455770E-1
489069	-3.452551E-1
489089	-3.449332E-1
489109	-3.462209E-1
489129	-3.455770E-1
489149	-3.471867E-1
489169	-3.471867E-1
489189	-3.471867E-1
489209	-3.484744E-1
489229	-3.494402E-1
489249	-3.487963E-1
489269	-3.494402E-1
489289	-3.494402E-1
489309	-3.481525E-1
489329	-3.491182E-1
489349	-3.494402E-1
489369	-3.494402E-1
489389	-3.494402E-1
489409	-3.494402E-1
489429	-3.500840E-1
489449	-3.497621E-1
489469	-3.494402E-1
489489	-3.494402E-1
489509	-3.484744E-1
489529	-3.487963E-1
489549	-3.491182E-1
489569	-3.504060E-1
489589	-3.500840E-1
489609	-3.500840E-1
489629	-3.504060E-1
489649	-3.500840E-1
489669	-3.497621E-1
489689	-3.504060E-1
489709	-3.491182E-1
489729	-3.484744E-1
489749	-3.491182E-1
489769	-3.491182E-1
489789	-3.500840E-1
489809	-3.494402E-1
489829	-3.497621E-1
489849	-3.497621E-1
489869	-3.510498E-1
489889	-3.510498E-1
489909	-3.507279E-1
489929	-3.510498E-1
489949	-3.504060E-1
489969	-3.507279E-1
489989	-3.507279E-1
490009	-3.513717E-1
490029	-3.507279E-1
490049	-3.513717E-1
490069	-3.523375E-1
490089	-3.523375E-1
490109	-3.526595E-1
490129	-3.533033E-1
490149	-3.526595E-1
490169	-3.533033E-1
490189	-3.529814E-1
490209	-3.529814E-1
490229	-3.529814E-1
490249	-3.523375E-1
490269	-3.526595E-1
490289	-3.520156E-1
490309	-3.516937E-1
490329	-3.526595E-1
490349	-3.526595E-1
490369	-3.513717E-1
490389	-3.510498E-1
490409	-3.504060E-1
490429	-3.510498E-1
490449	-3.510498E-1
490469	-3.510498E-1
490489	-3.494402E-1
490509	-3.504060E-1
490529	-3.504060E-1
490549	-3.516937E-1
490569	-3.520156E-1
490589	-3.510498E-1
490609	-3.507279E-1
490629	-3.510498E-1
490649	-3.513717E-1
490669	-3.520156E-1
490689	-3.520156E-1
490709	-3.513717E-1
490729	-3.516937E-1
490749	-3.520156E-1
490769	-3.513717E-1
490789	-3.510498E-1
490809	-3.513717E-1
490829	-3.507279E-1
490849	-3.500840E-1
490869	-3.520156E-1
490889	-3.510498E-1
490909	-3.516937E-1
490929	-3.507279E-1
490949	-3.500840E-1
490969	-3.500840E-1
490989	-3.507279E-1
491009	-3.507279E-1
491029	-3.507279E-1
491049	-3.510498E-1
491069	-3.507279E-1
491089	-3.504060E-1
491109	-3.507279E-1
491129	-3.513717E-1
491149	-3.500840E-1
491169	-3.513717E-1
491189	-3.507279E-1
491209	-3.507279E-1
491229	-3.504060E-1
491249	-3.504060E-1
491269	-3.504060E-1
491289	-3.494402E-1
491309	-3.491182E-1
491329	-3.494402E-1
491349	-3.487963E-1
491369	-3.481525E-1
491389	-3.484744E-1
491409	-3.481525E-1
491429	-3.478305E-1
491449	-3.471867E-1
491469	-3.475086E-1
491489	-3.462209E-1
491509	-3.468647E-1
491529	-3.458990E-1
491549	-3.465428E-1
491569	-3.458990E-1
491589	-3.462209E-1
491609	-3.462209E-1
491629	-3.465428E-1
491649	-3.462209E-1
491669	-3.475086E-1
491689	-3.491182E-1
491709	-3.491182E-1
491729	-3.500840E-1
491749	-3.504060E-1
491769	-3.504060E-1
491789	-3.504060E-1
491809	-3.491182E-1
491829	-3.491182E-1
491849	-3.487963E-1
491869	-3.491182E-1
491889	-3.478305E-1
491909	-3.481525E-1
491929	-3.487963E-1
491949	-3.494402E-1
491969	-3.497621E-1
491989	-3.494402E-1
492009	-3.491182E-1
492029	-3.481525E-1
492049	-3.478305E-1
492069	-3.481525E-1
492089	-3.478305E-1
492109	-3.471867E-1
492129	-3.468647E-1
492149	-3.455770E-1
492169	-3.458990E-1
492189	-3.462209E-1
492209	-3.458990E-1
492229	-3.455770E-1
492249	-3.449332E-1
492269	-3.449332E-1
492289	-3.442893E-1
492309	-3.426797E-1
492329	-3.436455E-1
492349	-3.446112E-1
492369	-3.442893E-1
492389	-3.446112E-1
492409	-3.446112E-1
492429	-3.439674E-1
492449	-3.430016E-1
492469	-3.436455E-1
492489	-3.436455E-1
492509	-3.436455E-1
492529	-3.433235E-1
492549	-3.430016E-1
492569	-3.436455E-1
492589	-3.442893E-1
492609	-3.433235E-1
492629	-3.439674E-1
492649	-3.442893E-1
492669	-3.439674E-1
492689	-3.436455E-1
492709	-3.442893E-1
492729	-3.436455E-1
492749	-3.436455E-1
492769	-3.439674E-1
492789	-3.446112E-1
492809	-3.446112E-1
492829	-3.446112E-1
492849	-3.439674E-1
492869	-3.433235E-1
492889	-3.446112E-1
492909	-3.439674E-1
492929	-3.436455E-1
492949	-3.439674E-1
492969	-3.423578E-1
492989	-3.417139E-1
493009	-3.413920E-1
493029	-3.413920E-1
493049	-3.417139E-1
493069	-3.413920E-1
493089	-3.426797E-1
493109	-3.413920E-1
493129	-3.420358E-1
493149	-3.417139E-1
493169	-3.426797E-1
493189	-3.417139E-1
493209	-3.413920E-1
493229	-3.420358E-1
493249	-3.417139E-1
493269	-3.420358E-1
493289	-3.420358E-1
493309	-3.433235E-1
493329	-3.430016E-1
493349	-3.433235E-1
493369	-3.430016E-1
493389	-3.417139E-1
493409	-3.423578E-1
493429	-3.420358E-1
493449	-3.426797E-1
493469	-3.426797E-1
493489	-3.426797E-1
493509	-3.430016E-1
493529	-3.420358E-1
493549	-3.420358E-1
493569	-3.417139E-1
493589	-3.417139E-1
493609	-3.407481E-1
493629	-3.410700E-1
493649	-3.413920E-1
493669	-3.433235E-1
493689	-3.430016E-1
493709	-3.430016E-1
493729	-3.430016E-1
493749	-3.423578E-1
493769	-3.417139E-1
493789	-3.413920E-1
493809	-3.410700E-1
493829	-3.407481E-1
493849	-3.417139E-1
493869	-3.413920E-1
493889	-3.417139E-1
493909	-3.410700E-1
493929	-3.397823E-1
493949	-3.397823E-1
493969	-3.381727E-1
493989	-3.384946E-1
494009	-3.391385E-1
494029	-3.391385E-1
494049	-3.391385E-1
494069	-3.407481E-1
494089	-3.404262E-1
494109	-3.407481E-1
494129	-3.401043E-1
494149	-3.397823E-1
494169	-3.397823E-1
494189	-3.401043E-1
494209	-3.401043E-1
494229	-3.397823E-1
494249	-3.404262E-1
494269	-3.397823E-1
494289	-3.397823E-1
494309	-3.397823E-1
494329	-3.388165E-1
494349	-3.404262E-1
494369	-3.391385E-1
494389	-3.388165E-1
494409	-3.391385E-1
494429	-3.394604E-1
494449	-3.391385E-1
494469	-3.388165E-1
494489	-3.388165E-1
494509	-3.378508E-1
494529	-3.368850E-1
494549	-3.359192E-1
494569	-3.368850E-1
494589	-3.362411E-1
494609	-3.359192E-1
494629	-3.346315E-1
494649	-3.339876E-1
494669	-3.349534E-1
494689	-3.346315E-1
494709	-3.339876E-1
494729	-3.326999E-1
494749	-3.333438E-1
494769	-3.330218E-1
494789	-3.330218E-1
494809	-3.339876E-1
494829	-3.336657E-1
494849	-3.330218E-1
494869	-3.336657E-1
494889	-3.352753E-1
494909	-3.352753E-1
494929	-3.352753E-1
494949	-3.355973E-1
494969	-3.352753E-1
494989	-3.346315E-1
495009	-3.349534E-1
495029	-3.352753E-1
495049	-3.365630E-1
495069	-3.368850E-1
495089	-3.359192E-1
495109	-3.365630E-1
495129	-3.352753E-1
495149	-3.362411E-1
495169	-3.359192E-1
495189	-3.362411E-1
495209	-3.359192E-1
495229	-3.365630E-1
495249	-3.368850E-1
495269	-3.362411E-1
495289	-3.352753E-1
495309	-3.362411E-1
495329	-3.365630E-1
495349	-3.359192E-1
495369	-3.355973E-1
495389	-3.355973E-1
495409	-3.359192E-1
495429	-3.355973E-1
495449	-3.355973E-1
495469	-3.359192E-1
495489	-3.359192E-1
495509	-3.352753E-1
495529	-3.349534E-1
495549	-3.343095E-1
495569	-3.339876E-1
495589	-3.336657E-1
495609	-3.330218E-1
495629	-3.333438E-1
495649	-3.336657E-1
495669	-3.339876E-1
495689	-3.339876E-1
495709	-3.336657E-1
495729	-3.333438E-1
495749	-3.343095E-1
495769	-3.336657E-1
495789	-3.336657E-1
495809	-3.336657E-1
495829	-3.336657E-1
495849	-3.330218E-1
495869	-3.320560E-1
495889	-3.314122E-1
495909	-3.314122E-1
495929	-3.310903E-1
495949	-3.317341E-1
495969	-3.317341E-1
495989	-3.323780E-1
496009	-3.320560E-1
496029	-3.317341E-1
496049	-3.323780E-1
496069	-3.320560E-1
496089	-3.326999E-1
496109	-3.326999E-1
496129	-3.323780E-1
496149	-3.317341E-1
496169	-3.320560E-1
496189	-3.304464E-1
496209	-3.301245E-1
496229	-3.307683E-1
496249	-3.301245E-1
496269	-3.317341E-1
496289	-3.310903E-1
496309	-3.307683E-1
496329	-3.304464E-1
496349	-3.314122E-1
496369	-3.320560E-1
496389	-3.310903E-1
496409	-3.314122E-1
496429	-3.307683E-1
496449	-3.310903E-1
496469	-3.304464E-1
496489	-3.314122E-1
496509	-3.307683E-1
496529	-3.314122E-1
496549	-3.307683E-1
496569	-3.304464E-1
496589	-3.307683E-1
496609	-3.307683E-1
496629	-3.298025E-1
496649	-3.298025E-1
496669	-3.294806E-1
496689	-3.294806E-1
496709	-3.298025E-1
496729	-3.304464E-1
496749	-3.310903E-1
496769	-3.304464E-1
496789	-3.304464E-1
496809	-3.301245E-1
496829	-3.304464E-1
496849	-3.310903E-1
496869	-3.291587E-1
496889	-3.298025E-1
496909	-3.288368E-1
496929	-3.294806E-1
496949	-3.307683E-1
496969	-3.314122E-1
496989	-3.317341E-1
497009	-3.307683E-1
497029	-3.310903E-1
497049	-3.304464E-1
497069	-3.294806E-1
497089	-3.291587E-1
497109	-3.288368E-1
497129	-3.281929E-1
497149	-3.278710E-1
497169	-3.275490E-1
497189	-3.278710E-1
497209	-3.272271E-1
497229	-3.265833E-1
497249	-3.269052E-1
497269	-3.265833E-1
497289	-3.275490E-1
497309	-3.278710E-1
497329	-3.275490E-1
497349	-3.265833E-1
497369	-3.252955E-1
497389	-3.246517E-1
497409	-3.249736E-1
497429	-3.246517E-1
497449	-3.249736E-1
497469	-3.252955E-1
497489	-3.256175E-1
497509	-3.256175E-1
497529	-3.256175E-1
497549	-3.252955E-1
497569	-3.256175E-1
497589	-3.252955E-1
497609	-3.252955E-1
497629	-3.252955E-1
497649	-3.236859E-1
497669	-3.246517E-1
497689	-3.249736E-1
497709	-3.249736E-1
497729	-3.246517E-1
497749	-3.249736E-1
497769	-3.249736E-1
497789	-3.252955E-1
497809	-3.256175E-1
497829	-3.256175E-1
497849	-3.262613E-1
497869	-3.265833E-1
497889	-3.259394E-1
497909	-3.249736E-1
497929	-3.252955E-1
497949	-3.252955E-1
497969	-3.259394E-1
497989	-3.256175E-1
498009	-3.243298E-1
498029	-3.249736E-1
498049	-3.240078E-1
498069	-3.236859E-1
498089	-3.236859E-1
498109	-3.236859E-1
498129	-3.243298E-1
498149	-3.240078E-1
498169	-3.240078E-1
498189	-3.230420E-1
498209	-3.220763E-1
498229	-3.211105E-1
498249	-3.214324E-1
498269	-3.220763E-1
498289	-3.214324E-1
498309	-3.207886E-1
498329	-3.217543E-1
498349	-3.217543E-1
498369	-3.220763E-1
498389	-3.217543E-1
498409	-3.223982E-1
498429	-3.220763E-1
498449	-3.227201E-1
498469	-3.230420E-1
498489	-3.233640E-1
498509	-3.230420E-1
498529	-3.217543E-1
498549	-3.211105E-1
498569	-3.214324E-1
498589	-3.220763E-1
498609	-3.227201E-1
498629	-3.223982E-1
498649	-3.233640E-1
498669	-3.233640E-1
498689	-3.220763E-1
498709	-3.227201E-1
498729	-3.230420E-1
498749	-3.233640E-1
498769	-3.220763E-1
498789	-3.223982E-1
498809	-3.201447E-1
498829	-3.217543E-1
498849	-3.223982E-1
498869	-3.227201E-1
498889	-3.236859E-1
498909	-3.230420E-1
498929	-3.223982E-1
498949	-3.220763E-1
498969	-3.233640E-1
498989	-3.240078E-1
499009	-3.230420E-1
499029	-3.227201E-1
499049	-3.236859E-1
499069	-3.233640E-1
499089	-3.227201E-1
499109	-3.220763E-1
499129	-3.207886E-1
499149	-3.207886E-1
499169	-3.211105E-1
499189	-3.204666E-1
499209	-3.204666E-1
499229	-3.195008E-1
499249	-3.207886E-1
499269	-3.191789E-1
499289	-3.191789E-1
499309	-3.201447E-1
499329	-3.207886E-1
499349	-3.201447E-1
499369	-3.207886E-1
499389	-3.198228E-1
499409	-3.198228E-1
499429	-3.204666E-1
499449	-3.207886E-1
499469	-3.211105E-1
499489	-3.201447E-1
499509	-3.201447E-1
499529	-3.201447E-1
499549	-3.198228E-1
499569	-3.195008E-1
499589	-3.195008E-1
499609	-3.198228E-1
499629	-3.201447E-1
499649	-3.185351E-1
499669	-3.185351E-1
499689	-3.185351E-1
499709	-3.175693E-1
499729	-3.172473E-1
499749	-3.172473E-1
499769	-3.166035E-1
499789	-3.162816E-1
499809	-3.166035E-1
499829	-3.166035E-1
499849	-3.159596E-1
499869	-3.162816E-1
499889	-3.169254E-1
499909	-3.172473E-1
499929	-3.169254E-1
499949	-3.162816E-1
499969	-3.146719E-1
499989	-3.143500E-1
500009	-3.137061E-1
500029	-3.143500E-1
500049	-3.137061E-1
500069	-3.127403E-1
500089	-3.120965E-1
500109	-3.114526E-1
500129	-3.114526E-1
500149	-3.127403E-1
500169	-3.117746E-1
500189	-3.120965E-1
500209	-3.104868E-1
500229	-3.111307E-1
500249	-3.114526E-1
500269	-3.120965E-1
500289	-3.101649E-1
500309	-3.104868E-1
500329	-3.108088E-1
500349	-3.101649E-1
500369	-3.085553E-1
500389	-3.101649E-1
500409	-3.098430E-1
500429	-3.098430E-1
500449	-3.088772E-1
500469	-3.095211E-1
500489	-3.088772E-1
500509	-3.091991E-1
500529	-3.095211E-1
500549	-3.088772E-1
500569	-3.085553E-1
500589	-3.082333E-1
500609	-3.072676E-1
500629	-3.079114E-1
500649	-3.082333E-1
500669	-3.091991E-1
500689	-3.082333E-1
500709	-3.082333E-1
500729	-3.075895E-1
500749	-3.072676E-1
500769	-3.082333E-1
500789	-3.085553E-1
500809	-3.098430E-1
500829	-3.095211E-1
500849	-3.101649E-1
500869	-3.098430E-1
500889	-3.104868E-1
500909	-3.111307E-1
500929	-3.108088E-1
500949	-3.117746E-1
500969	-3.120965E-1
500989	-3.108088E-1
501009	-3.104868E-1
501029	-3.088772E-1
501049	-3.098430E-1
501069	-3.098430E-1
501089	-3.095211E-1
501109	-3.098430E-1
501129	-3.095211E-1
501149	-3.101649E-1
501169	-3.104868E-1
501189	-3.095211E-1
501209	-3.095211E-1
501229	-3.101649E-1
501249	-3.104868E-1
501269	-3.108088E-1
501289	-3.108088E-1
501309	-3.108088E-1
501329	-3.101649E-1
501349	-3.108088E-1
501369	-3.101649E-1
501389	-3.111307E-1
501409	-3.104868E-1
501429	-3.111307E-1
501449	-3.104868E-1
501469	-3.098430E-1
501489	-3.098430E-1
501509	-3.098430E-1
501529	-3.091991E-1
501549	-3.082333E-1
501569	-3.091991E-1
501589	-3.091991E-1
501609	-3.091991E-1
501629	-3.079114E-1
501649	-3.085553E-1
501669	-3.098430E-1
501689	-3.095211E-1
501709	-3.088772E-1
501729	-3.091991E-1
501749	-3.095211E-1
501769	-3.104868E-1
501789	-3.095211E-1
501809	-3.095211E-1
501829	-3.088772E-1
501849	-3.091991E-1
501869	-3.098430E-1
501889	-3.095211E-1
501909	-3.101649E-1
501929	-3.098430E-1
501949	-3.095211E-1
501969	-3.095211E-1
501989	-3.085553E-1
502009	-3.091991E-1
502029	-3.098430E-1
502049	-3.095211E-1
502069	-3.091991E-1
502089	-3.091991E-1
502109	-3.091991E-1
502129	-3.082333E-1
502149	-3.082333E-1
502169	-3.082333E-1
502189	-3.072676E-1
502209	-3.066237E-1
502229	-3.066237E-1
502249	-3.063018E-1
502269	-3.046921E-1
502289	-3.040483E-1
502309	-3.037263E-1
502329	-3.030825E-1
502349	-3.034044E-1
502369	-3.037263E-1
502389	-3.030825E-1
502409	-3.030825E-1
502429	-3.030825E-1
502449	-3.017948E-1
502469	-3.008290E-1
502489	-3.011509E-1
502509	-3.017948E-1
502529	-3.021167E-1
502549	-3.030825E-1
502569	-3.027606E-1
502589	-3.021167E-1
502609	-3.024386E-1
502629	-3.011509E-1
502649	-3.024386E-1
502669	-3.024386E-1
502689	-3.021167E-1
502709	-3.017948E-1
502729	-3.030825E-1
502749	-3.027606E-1
502769	-3.021167E-1
502789	-3.017948E-1
502809	-3.024386E-1
502829	-3.008290E-1
502849	-3.017948E-1
502869	-3.014728E-1
502889	-3.011509E-1
502909	-3.008290E-1
502929	-3.014728E-1
502949	-3.008290E-1
502969	-3.008290E-1
502989	-2.998632E-1
503009	-3.001851E-1
503029	-2.998632E-1
503049	-2.995413E-1
503069	-2.992194E-1
503089	-2.988974E-1
503109	-2.998632E-1
503129	-2.995413E-1
503149	-2.988974E-1
503169	-2.995413E-1
503189	-2.992194E-1
503209	-3.005071E-1
503229	-3.008290E-1
503249	-3.005071E-1
503269	-2.992194E-1
503289	-2.995413E-1
503309	-2.988974E-1
503329	-2.992194E-1
503349	-2.988974E-1
503369	-2.998632E-1
503389	-2.998632E-1
503409	-2.985755E-1
503429	-3.008290E-1
503449	-2.995413E-1
503469	-2.985755E-1
503489	-2.985755E-1
503509	-3.001851E-1
503529	-2.992194E-1
503549	-2.995413E-1
503569	-2.979316E-1
503589	-2.982536E-1
503609	-2.976097E-1
503629	-2.979316E-1
503649	-2.982536E-1
503669	-2.992194E-1
503689	-2.976097E-1
503709	-2.979316E-1
503729	-2.972878E-1
503749	-2.972878E-1
503769	-2.988974E-1
503789	-2.976097E-1
503809	-2.976097E-1
503829	-2.976097E-1
503849	-2.979316E-1
503869	-2.982536E-1
503889	-2.985755E-1
503909	-2.985755E-1
503929	-2.985755E-1
503949	-2.992194E-1
503969	-2.979316E-1
503989	-2.966439E-1
504009	-2.956781E-1
504029	-2.963220E-1
504049	-2.966439E-1
504069	-2.950343E-1
504089	-2.956781E-1
504109	-2.953562E-1
504129	-2.960001E-1
504149	-2.956781E-1
504169	-2.950343E-1
504189	-2.956781E-1
504209	-2.950343E-1
504229	-2.937466E-1
504249	-2.927808E-1
504269	-2.921369E-1
504289	-2.914931E-1
504309	-2.914931E-1
504329	-2.924589E-1
504349	-2.927808E-1
504369	-2.931027E-1
504389	-2.931027E-1
504409	-2.931027E-1
504429	-2.937466E-1
504449	-2.937466E-1
504469	-2.927808E-1
504489	-2.921369E-1
504509	-2.927808E-1
504529	-2.924589E-1
504549	-2.931027E-1
504569	-2.927808E-1
504589	-2.937466E-1
504609	-2.937466E-1
504629	-2.943904E-1
504649	-2.940685E-1
504669	-2.940685E-1
504689	-2.947124E-1
504709	-2.950343E-1
504729	-2.950343E-1
504749	-2.940685E-1
504769	-2.931027E-1
504789	-2.937466E-1
504809	-2.943904E-1
504829	-2.940685E-1
504849	-2.947124E-1
504869	-2.950343E-1
504889	-2.947124E-1
504909	-2.953562E-1
504929	-2.960001E-1
504949	-2.956781E-1
504969	-2.963220E-1
504989	-2.960001E-1
505009	-2.963220E-1
505029	-2.956781E-1
505049	-2.953562E-1
505069	-2.956781E-1
505089	-2.943904E-1
505109	-2.947124E-1
505129	-2.953562E-1
505149	-2.947124E-1
505169	-2.947124E-1
505189	-2.950343E-1
505209	-2.937466E-1
505229	-2.950343E-1
505249	-2.947124E-1
505269	-2.940685E-1
505289	-2.953562E-1
505309	-2.953562E-1
505329	-2.947124E-1
505349	-2.943904E-1
505369	-2.943904E-1
505389	-2.940685E-1
505409	-2.943904E-1
505429	-2.943904E-1
505449	-2.940685E-1
505469	-2.947124E-1
505489	-2.953562E-1
505509	-2.943904E-1
505529	-2.940685E-1
505549	-2.947124E-1
505569	-2.953562E-1
505589	-2.966439E-1
505609	-2.963220E-1
505629	-2.956781E-1
505649	-2.960001E-1
505669	-2.947124E-1
505689	-2.943904E-1
505709	-2.960001E-1
505729	-2.950343E-1
505749	-2.953562E-1
505769	-2.956781E-1
505789	-2.960001E-1
505809	-2.960001E-1
505829	-2.963220E-1
505849	-2.947124E-1
505869	-2.950343E-1
505889	-2.960001E-1
505909	-2.956781E-1
505929	-2.956781E-1
505949	-2.972878E-1
505969	-2.992194E-1
505989	-2.992194E-1
506009	-2.976097E-1
506029	-2.960001E-1
506049	-2.950343E-1
506069	-2.947124E-1
506089	-2.943904E-1
506109	-2.947124E-1
506129	-2.953562E-1
506149	-2.956781E-1
506169	-2.960001E-1
506189	-2.960001E-1
506209	-2.963220E-1
506229	-2.963220E-1
506249	-2.966439E-1
506269	-2.956781E-1
506289	-2.966439E-1
506309	-2.947124E-1
506329	-2.947124E-1
506349	-2.950343E-1
506369	-2.943904E-1
506389	-2.940685E-1
506409	-2.931027E-1
506429	-2.953562E-1
506449	-2.960001E-1
506469	-2.943904E-1
506489	-2.963220E-1
506509	-2.963220E-1
506529	-2.966439E-1
506549	-2.966439E-1
506569	-2.966439E-1
506589	-2.963220E-1
506609	-2.963220E-1
506629	-2.966439E-1
506649	-2.963220E-1
506669	-2.966439E-1
506689	-2.966439E-1
506709	-2.972878E-1
506729	-2.960001E-1
506749	-2.966439E-1
506769	-2.966439E-1
506789	-2.976097E-1
506809	-2.969659E-1
506829	-2.979316E-1
506849	-2.992194E-1
506869	-2.985755E-1
506889	-2.976097E-1
506909	-2.982536E-1
506929	-2.992194E-1
506949	-3.001851E-1
506969	-3.005071E-1
506989	-2.992194E-1
507009	-2.995413E-1
507029	-2.992194E-1
507049	-2.985755E-1
507069	-2.988974E-1
507089	-2.982536E-1
507109	-2.979316E-1
507129	-2.995413E-1
507149	-2.985755E-1
507169	-2.995413E-1
507189	-2.988974E-1
507209	-2.982536E-1
507229	-2.988974E-1
507249	-2.979316E-1
507269	-2.969659E-1
507289	-2.969659E-1
507309	-2.979316E-1
507329	-2.976097E-1
507349	-2.979316E-1
507369	-2.982536E-1
507389	-2.988974E-1
507409	-2.995413E-1
507429	-2.992194E-1
507449	-2.998632E-1
507469	-2.995413E-1
507489	-2.992194E-1
507509	-2.979316E-1
507529	-2.988974E-1
507549	-2.982536E-1
507569	-2.979316E-1
507589	-2.972878E-1
507609	-2.960001E-1
507629	-2.960001E-1
507649	-2.940685E-1
507669	-2.940685E-1
507689	-2.940685E-1
507709	-2.950343E-1
507729	-2.943904E-1
507749	-2.937466E-1
507769	-2.931027E-1
507789	-2.924589E-1
507809	-2.911711E-1
507829	-2.918150E-1
507849	-2.911711E-1
507869	-2.914931E-1
507889	-2.927808E-1
507909	-2.924589E-1
507929	-2.921369E-1
507949	-2.914931E-1
507969	-2.914931E-1
507989	-2.911711E-1
508009	-2.908492E-1
508029	-2.918150E-1
508049	-2.908492E-1
508069	-2.918150E-1
508089	-2.918150E-1
508109	-2.908492E-1
508129	-2.921369E-1
508149	-2.921369E-1
508169	-2.914931E-1
508189	-2.921369E-1
508209	-2.918150E-1
508229	-2.921369E-1
508249	-2.902054E-1
508269	-2.892396E-1
508289	-2.882738E-1
508309	-2.895615E-1
508329	-2.905273E-1
508349	-2.911711E-1
508369	-2.911711E-1
508389	-2.918150E-1
508409	-2.924589E-1
508429	-2.927808E-1
508449	-2.937466E-1
508469	-2.937466E-1
508489	-2.937466E-1
508509	-2.950343E-1
508529	-2.940685E-1
508549	-2.924589E-1
508569	-2.914931E-1
508589	-2.927808E-1
508609	-2.924589E-1
508629	-2.924589E-1
508649	-2.924589E-1
508669	-2.937466E-1
508689	-2.927808E-1
508709	-2.931027E-1
508729	-2.943904E-1
508749	-2.940685E-1
508769	-2.927808E-1
508789	-2.914931E-1
508809	-2.918150E-1
508829	-2.908492E-1
508849	-2.902054E-1
508869	-2.905273E-1
508889	-2.895615E-1
508909	-2.892396E-1
508929	-2.885957E-1
508949	-2.885957E-1
508969	-2.876299E-1
508989	-2.882738E-1
509009	-2.882738E-1
509029	-2.889176E-1
509049	-2.889176E-1
509069	-2.905273E-1
509089	-2.905273E-1
509109	-2.895615E-1
509129	-2.885957E-1
509149	-2.879519E-1
509169	-2.885957E-1
509189	-2.885957E-1
509209	-2.885957E-1
509229	-2.892396E-1
509249	-2.905273E-1
509269	-2.911711E-1
509289	-2.911711E-1
509309	-2.902054E-1
509329	-2.918150E-1
509349	-2.918150E-1
509369	-2.934246E-1
509389	-2.940685E-1
509409	-2.940685E-1
509429	-2.934246E-1
509449	-2.924589E-1
509469	-2.940685E-1
509489	-2.934246E-1
509509	-2.934246E-1
509529	-2.927808E-1
509549	-2.924589E-1
509569	-2.927808E-1
509589	-2.918150E-1
509609	-2.921369E-1
509629	-2.905273E-1
509649	-2.918150E-1
509669	-2.908492E-1
509689	-2.908492E-1
509709	-2.914931E-1
509729	-2.918150E-1
509749	-2.911711E-1
509769	-2.914931E-1
509789	-2.911711E-1
509809	-2.905273E-1
509829	-2.905273E-1
509849	-2.921369E-1
509869	-2.921369E-1
509889	-2.911711E-1
509909	-2.921369E-1
509929	-2.918150E-1
509949	-2.911711E-1
509969	-2.898834E-1
509989	-2.895615E-1
510009	-2.885957E-1
510029	-2.898834E-1
510049	-2.895615E-1
510069	-2.892396E-1
510089	-2.892396E-1
510109	-2.898834E-1
510129	-2.898834E-1
510149	-2.898834E-1
510169	-2.892396E-1
510189	-2.898834E-1
510209	-2.895615E-1
510229	-2.892396E-1
510249	-2.902054E-1
510269	-2.918150E-1
510289	-2.911711E-1
510309	-2.918150E-1
510329	-2.921369E-1
510349	-2.918150E-1
510369	-2.927808E-1
510389	-2.934246E-1
510409	-2.927808E-1
510429	-2.937466E-1
510449	-2.940685E-1
510469	-2.927808E-1
510489	-2.931027E-1
510509	-2.940685E-1
510529	-2.947124E-1
510549	-2.937466E-1
510569	-2.937466E-1
510589	-2.934246E-1
510609	-2.950343E-1
510629	-2.956781E-1
510649	-2.972878E-1
510669	-2.963220E-1
510689	-2.956781E-1
510709	-2.950343E-1
510729	-2.960001E-1
510749	-2.956781E-1
510769	-2.966439E-1
510789	-2.969659E-1
510809	-2.972878E-1
510829	-2.963220E-1
510849	-2.966439E-1
510869	-2.979316E-1
510889	-2.966439E-1
510909	-2.960001E-1
510929	-2.947124E-1
510949	-2.937466E-1
510969	-2.947124E-1
510989	-2.937466E-1
511009	-2.943904E-1
511029	-2.924589E-1
511049	-2.921369E-1
511069	-2.931027E-1
511089	-2.924589E-1
511109	-2.931027E-1
511129	-2.940685E-1
511149	-2.950343E-1
511169	-2.956781E-1
511189	-2.956781E-1
511209	-2.966439E-1
511229	-2.966439E-1
511249	-2.963220E-1
511269	-2.956781E-1
511289	-2.947124E-1
511309	-2.950343E-1
511329	-2.947124E-1
511349	-2.953562E-1
511369	-2.947124E-1
511389	-2.963220E-1
511409	-2.956781E-1
511429	-2.950343E-1
511449	-2.963220E-1
511469	-2.960001E-1
511489	-2.960001E-1
511509	-2.960001E-1
511529	-2.956781E-1
511549	-2.956781E-1
511569	-2.960001E-1
511589	-2.963220E-1
511609	-2.953562E-1
511629	-2.947124E-1
511649	-2.947124E-1
511669	-2.940685E-1
511689	-2.940685E-1
511709	-2.943904E-1
511729	-2.937466E-1
511749	-2.940685E-1
511769	-2.937466E-1
511789	-2.927808E-1
511809	-2.914931E-1
511829	-2.921369E-1
511849	-2.911711E-1
511869	-2.905273E-1
511889	-2.895615E-1
511909	-2.889176E-1
511929	-2.889176E-1
511949	-2.895615E-1
511969	-2.892396E-1
511989	-2.885957E-1
512009	-2.889176E-1
512029	-2.882738E-1
512049	-2.876299E-1
512069	-2.885957E-1
512089	-2.873080E-1
512109	-2.885957E-1
512129	-2.876299E-1
512149	-2.869861E-1
512169	-2.866641E-1
512189	-2.866641E-1
512209	-2.863422E-1
512229	-2.869861E-1
512249	-2.869861E-1
512269	-2.873080E-1
512289	-2.876299E-1
512309	-2.869861E-1
512329	-2.869861E-1
512349	-2.882738E-1
512369	-2.889176E-1
512389	-2.879519E-1
512409	-2.876299E-1
512429	-2.876299E-1
512449	-2.879519E-1
512469	-2.873080E-1
512489	-2.885957E-1
512509	-2.885957E-1
512529	-2.885957E-1
512549	-2.879519E-1
512569	-2.885957E-1
512589	-2.885957E-1
512609	-2.885957E-1
512629	-2.889176E-1
512649	-2.898834E-1
512669	-2.889176E-1
512689	-2.905273E-1
512709	-2.905273E-1
512729	-2.911711E-1
512749	-2.905273E-1
512769	-2.911711E-1
512789	-2.911711E-1
512809	-2.908492E-1
512829	-2.905273E-1
512849	-2.908492E-1
512869	-2.921369E-1
512889	-2.924589E-1
512909	-2.918150E-1
512929	-2.914931E-1
512949	-2.924589E-1
512969	-2.940685E-1
512989	-2.934246E-1
513009	-2.950343E-1
513029	-2.950343E-1
513049	-2.953562E-1
513069	-2.943904E-1
513089	-2.937466E-1
513109	-2.940685E-1
513129	-2.934246E-1
513149	-2.943904E-1
513169	-2.927808E-1
513189	-2.924589E-1
513209	-2.921369E-1
513229	-2.921369E-1
513249	-2.914931E-1
513269	-2.927808E-1
513289	-2.918150E-1
513309	-2.921369E-1
513329	-2.924589E-1
513349	-2.931027E-1
513369	-2.921369E-1
513389	-2.931027E-1
513409	-2.921369E-1
513429	-2.921369E-1
513449	-2.934246E-1
513469	-2.940685E-1
513489	-2.934246E-1
513509	-2.943904E-1
513529	-2.931027E-1
513549	-2.940685E-1
513569	-2.943904E-1
513589	-2.943904E-1
513609	-2.947124E-1
513629	-2.947124E-1
513649	-2.960001E-1
513669	-2.960001E-1
513689	-2.960001E-1
513709	-2.963220E-1
513729	-2.960001E-1
513749	-2.953562E-1
513769	-2.956781E-1
513789	-2.956781E-1
513809	-2.963220E-1
513829	-2.956781E-1
513849	-2.950343E-1
513869	-2.943904E-1
513889	-2.950343E-1
513909	-2.956781E-1
513929	-2.953562E-1
513949	-2.963220E-1
513969	-2.982536E-1
513989	-2.972878E-1
514009	-2.979316E-1
514029	-2.985755E-1
514049	-2.982536E-1
514069	-2.979316E-1
514089	-2.988974E-1
514109	-2.992194E-1
514129	-2.992194E-1
514149	-2.998632E-1
514169	-3.011509E-1
514189	-3.011509E-1
514209	-3.005071E-1
514229	-3.005071E-1
514249	-3.005071E-1
514269	-3.008290E-1
514289	-2.995413E-1
514309	-2.995413E-1
514329	-2.992194E-1
514349	-2.992194E-1
514369	-2.992194E-1
514389	-2.992194E-1
514409	-2.979316E-1
514429	-2.966439E-1
514449	-2.966439E-1
514469	-2.992194E-1
514489	-2.982536E-1
514509	-2.979316E-1
514529	-2.985755E-1
514549	-2.976097E-1
514569	-2.979316E-1
514589	-2.969659E-1
514609	-2.966439E-1
514629	-2.969659E-1
514649	-2.969659E-1
514669	-2.969659E-1
514689	-2.976097E-1
514709	-2.979316E-1
514729	-2.982536E-1
514749	-2.972878E-1
514769	-2.976097E-1
514789	-2.979316E-1
514809	-2.992194E-1
514829	-2.998632E-1
514849	-2.992194E-1
514869	-2.998632E-1
514889	-2.995413E-1
514909	-3.008290E-1
514929	-3.011509E-1
514949	-3.014728E-1
514969	-3.021167E-1
514989	-3.027606E-1
515009	-3.014728E-1
515029	-3.014728E-1
515049	-3.011509E-1
515069	-3.017948E-1
515089	-3.017948E-1
515109	-3.014728E-1
515129	-3.014728E-1
515149	-3.014728E-1
515169	-3.014728E-1
515189	-3.024386E-1
515209	-3.014728E-1
515229	-3.017948E-1
515249	-3.017948E-1
515269	-3.011509E-1
515289	-3.014728E-1
515309	-3.008290E-1
515329	-3.011509E-1
515349	-3.008290E-1
515369	-3.008290E-1
515389	-3.030825E-1
515409	-3.024386E-1
515429	-3.024386E-1
515449	-3.021167E-1
515469	-3.024386E-1
515489	-3.011509E-1
515509	-3.008290E-1
515529	-3.001851E-1
515549	-2.992194E-1
515569	-2.995413E-1
515589	-2.992194E-1
515609	-2.988974E-1
515629	-2.985755E-1
515649	-2.979316E-1
515669	-2.985755E-1
515689	-2.979316E-1
515709	-2.976097E-1
515729	-2.976097E-1
515749	-2.985755E-1
515769	-2.998632E-1
515789	-2.998632E-1
515809	-2.995413E-1
515829	-3.001851E-1
515849	-2.995413E-1
515869	-2.995413E-1
515889	-2.979316E-1
515909	-2.988974E-1
515929	-2.976097E-1
515949	-2.972878E-1
515969	-2.963220E-1
515989	-2.960001E-1
516009	-2.950343E-1
516029	-2.956781E-1
516049	-2.956781E-1
516069	-2.956781E-1
516089	-2.956781E-1
516109	-2.947124E-1
516129	-2.956781E-1
516149	-2.960001E-1
516169	-2.966439E-1
516189	-2.963220E-1
516209	-2.960001E-1
516229	-2.950343E-1
516249	-2.950343E-1
516269	-2.953562E-1
516289	-2.953562E-1
516309	-2.956781E-1
516329	-2.953562E-1
516349	-2.953562E-1
516369	-2.963220E-1
516389	-2.972878E-1
516409	-2.963220E-1
516429	-2.969659E-1
516449	-2.976097E-1
516469	-2.969659E-1
516489	-2.966439E-1
516509	-2.956781E-1
516529	-2.950343E-1
516549	-2.943904E-1
516569	-2.934246E-1
516589	-2.924589E-1
516609	-2.927808E-1
516629	-2.921369E-1
516649	-2.918150E-1
516669	-2.918150E-1
516689	-2.911711E-1
516709	-2.918150E-1
516729	-2.908492E-1
516749	-2.914931E-1
516769	-2.902054E-1
516789	-2.911711E-1
516809	-2.905273E-1
516829	-2.902054E-1
516849	-2.892396E-1
516869	-2.885957E-1
516889	-2.876299E-1
516909	-2.876299E-1
516929	-2.876299E-1
516949	-2.866641E-1
516969	-2.879519E-1
516989	-2.873080E-1
517009	-2.869861E-1
517029	-2.876299E-1
517049	-2.873080E-1
517069	-2.860203E-1
517089	-2.856984E-1
517109	-2.860203E-1
517129	-2.863422E-1
517149	-2.866641E-1
517169	-2.869861E-1
517189	-2.876299E-1
517209	-2.873080E-1
517229	-2.869861E-1
517249	-2.866641E-1
517269	-2.863422E-1
517289	-2.866641E-1
517309	-2.856984E-1
