[ 10000.   5000.   2000.   1000.    500.    200.    100.]
[ 301.80872795  302.23637218  306.6490566   306.6490566   303.67104646
 340.98924731  339.08693631]
[  2.17573562e-07   2.14947326e-07   2.14139253e-07   2.14139253e-07
  2.15250353e-07   2.16058426e-07   2.17270535e-07]
[   1.52286738    3.07858551    7.61433688   15.22867377   30.59727409
  67.86691569  135.73383139]
[   100.    200.    500.   1000.   2000.   3000.   5000.  10000.]
[ 185.79909961  186.11330327  186.11330327  186.11330327  186.11330327
 186.65217391  185.54119639  179.56253413]
[ 0.03304952  0.03304952  0.03304952  0.03304952  0.03304952  0.03308916
 0.03291078  0.03291078]
[ 56.21840174  28.15673616  11.26269446   5.63134723   2.81567362
  1.8802955    1.12754063   0.54560404]
[   100.    200.    500.   1000.   2000.   5000.  10000.  20000.]
[ 5590.79533404  5588.4248463   5552.88997659  5635.01496366  5440.61762814
 5313.10315248  5472.04347826  5385.86956522]
[  4.76257820e-08   4.76459839e-08   4.74641675e-08   4.72520484e-08
  4.71005348e-08   4.71005348e-08   4.64641776e-08   4.64641776e-08]
[ 0.0266266   0.0532532   0.13178165  0.266266    0.512512    1.25125
 2.54254     5.005     ]