  0.931            -55.097             86.405
  1.676            -50.051             85.701
  2.421            -46.850             85.117
  3.912            -42.692             84.499
  6.333            -38.518             83.268
 10.058            -34.518             82.384
 15.832            -30.610             81.501
 25.146            -26.631             80.489
 39.861            -22.681             78.869
 63.144            -18.764             76.383
100.024            -14.886             71.505
158.511            -11.050             62.660
251.271             -7.580             57.550
398.047             -4.533             47.462
630.878             -2.236             33.451
1000.054             -0.866             17.436
1584.925             -0.358              0.906
2511.963             -0.611            -16.107
3981.031             -1.674            -34.445
6309.524             -4.313            -65.387
9999.983             -9.845            -100.032
15848.875            -18.117            -123.283
25118.887            -28.090            -126.058
39810.687            -29.810            -33.605
63095.801            -27.446            -25.012
100000.016            -26.605            -29.507
